    -7.3827E-02     2.7577E-02    -4.2396E-02         0.1615     8.2510E-02
         0.9993     8.2909E-02         0.2362        -0.4394     3.0025E-03
     2.8758E-06         0.5731        -0.3103    -5.4185E-03    -2.5767E-02
    -7.3827E-02    -2.7577E-02     4.2396E-02         0.1615     8.2510E-02
         0.9993    -8.2909E-02        -0.2362        -0.4394     3.0025E-03
    -2.8757E-06         0.5731        -0.3103     5.4185E-03     2.5767E-02
     6.1765E-02    -2.7518E-02     4.2206E-02        -0.1230    -4.3357E-02
         0.9992    -8.3041E-02        -0.2363        -0.4297     4.3270E-02
     4.0486E-05         0.4039        -0.7912    -2.7480E-03    -1.1402E-02
     6.1765E-02     2.7518E-02    -4.2206E-02        -0.1230    -4.3357E-02
         0.9992     8.3041E-02         0.2363        -0.4297     4.3270E-02
    -4.0486E-05         0.4039        -0.7912     2.7480E-03     1.1402E-02
    -7.3446E-02     2.7107E-02    -4.2372E-02         0.1528     6.5017E-02
         0.8636     8.1940E-02         0.2333        -0.1336         0.2195
    -1.4125E-04         0.5148        -0.2287     2.9902E-03     4.9939E-03
    -7.3446E-02    -2.7107E-02     4.2372E-02         0.1528     6.5017E-02
         0.8636    -8.1940E-02        -0.2333        -0.1336         0.2195
     1.4125E-04         0.5148        -0.2287    -2.9902E-03    -4.9939E-03
    -6.0125E-03    -2.7611E-02     4.0227E-02     2.0051E-02     2.4353E-02
         0.8637    -8.0889E-02        -0.2298        -0.1355         0.2021
     2.8138E-05         0.4314        -0.4656    -1.6514E-03    -5.1600E-03
    -6.0125E-03     2.7611E-02    -4.0227E-02     2.0051E-02     2.4353E-02
         0.8637     8.0889E-02         0.2298        -0.1355         0.2021
    -2.8138E-05         0.4314        -0.4656     1.6514E-03     5.1600E-03
     6.1319E-02    -2.7342E-02     4.1127E-02        -0.1082    -7.4557E-03
         0.8635    -8.0275E-02        -0.2272        -0.1385         0.1952
    -1.6069E-04         0.3497        -0.6969     4.1440E-03     8.3319E-03
     6.1319E-02     2.7342E-02    -4.1127E-02        -0.1082    -7.4557E-03
         0.8635     8.0275E-02         0.2272        -0.1385         0.1952
     1.6069E-04         0.3497        -0.6969    -4.1440E-03    -8.3319E-03
    -5.8848E-03     2.1315E-02    -3.4428E-02     1.4666E-02     4.6615E-03
         0.2649     6.3867E-02         0.1731         0.4321        -0.3317
    -3.7690E-04         0.1819    -7.4266E-02     2.0554E-03     1.1464E-03
    -5.8848E-03    -2.1315E-02     3.4428E-02     1.4666E-02     4.6615E-03
         0.2649    -6.3867E-02        -0.1731         0.4321        -0.3317
     3.7690E-04         0.1819    -7.4266E-02    -2.0554E-03    -1.1464E-03
    -6.0686E-02    -1.4492E-02     5.6207E-02     2.5328E-03    -1.9820E-02
         0.2651    -6.2827E-02        -0.1703         0.4278        -0.3197
     1.8516E-03         0.2544         0.1196    -8.3093E-03     8.8474E-03
    -6.0686E-02     1.4492E-02    -5.6207E-02     2.5328E-03    -1.9820E-02
         0.2651     6.2827E-02         0.1703         0.4278        -0.3197
    -1.8516E-03         0.2544         0.1196     8.3093E-03    -8.8474E-03
        -0.4038     2.8380E-02    -4.0496E-02         0.9991         0.9971
         0.8634     8.6471E-02         0.2491        -0.1067         0.3371
    -8.8401E-06         0.9422          1.000     8.8920E-04     3.3861E-03
        -0.4038    -2.8380E-02     4.0496E-02         0.9991         0.9971
         0.8634    -8.6471E-02        -0.2491        -0.1067         0.3371
     8.8401E-06         0.9422          1.000    -8.8920E-04    -3.3861E-03
        -0.4038    -2.8774E-02     3.9386E-02         0.9999         0.9991
         0.9998    -8.6471E-02        -0.2491        -0.4603    -7.1062E-02
    -2.0481E-06          1.000         0.9153    -3.0038E-04    -1.4789E-03
        -0.4038     2.8774E-02    -3.9386E-02         0.9999         0.9991
         0.9998     8.6471E-02         0.2491        -0.4603    -7.1062E-02
     2.0482E-06          1.000         0.9153     3.0038E-04     1.4789E-03
     6.0656E-02     5.7231E-02    -7.7366E-02    -8.2516E-02     7.1047E-02
         0.8629         0.1646         0.4673        -0.1214         0.2377
     8.5654E-05         0.3497        -0.6956    -1.1207E-03     8.0473E-04
    -7.2588E-02     5.3602E-02    -8.9027E-02         0.1219    -2.4727E-02
         0.8628         0.1629         0.4619        -0.1264         0.2139
    -1.2857E-04         0.5110        -0.2383    -1.6237E-03    -1.6369E-02
    -7.2588E-02    -5.3602E-02     8.9027E-02         0.1219    -2.4727E-02
         0.8628        -0.1629        -0.4619        -0.1264         0.2139
     1.2857E-04         0.5110        -0.2383     1.6237E-03     1.6369E-02
     6.0656E-02    -5.7231E-02     7.7366E-02    -8.2516E-02     7.1047E-02
         0.8629        -0.1646        -0.4673        -0.1214         0.2377
    -8.5654E-05         0.3497        -0.6956     1.1207E-03    -8.0473E-04
    -5.6779E-02     2.9922E-02        -0.1025    -1.3082E-02    -3.4528E-02
         0.2635         0.1333         0.3638         0.4309        -0.3297
    -3.2520E-03         0.2554         0.1209     1.3409E-02    -9.5084E-03
     4.7868E-02     5.7185E-02    -3.8159E-02     3.1445E-02     4.1206E-02
         0.2632         0.1352         0.3603         0.4315        -0.3236
     2.1454E-03         0.1094        -0.2666    -5.8202E-03     7.7034E-03
     4.7868E-02    -5.7185E-02     3.8159E-02     3.1445E-02     4.1206E-02
         0.2632        -0.1352        -0.3603         0.4315        -0.3236
    -2.1454E-03         0.1094        -0.2666     5.8202E-03    -7.7034E-03
    -5.6779E-02    -2.9922E-02         0.1025    -1.3082E-02    -3.4528E-02
         0.2635        -0.1333        -0.3638         0.4309        -0.3297
     3.2520E-03         0.2554         0.1209    -1.3409E-02     9.5084E-03
    -2.2302E-04     1.1375E-02    -1.8781E-02     1.5583E-03     1.2006E-02
     6.1090E-02     1.1432E-02     3.9747E-02         0.1772        -0.2154
    -7.0369E-04     3.3639E-02    -5.7471E-02    -5.2383E-04     3.3576E-03
    -2.2302E-04    -1.1375E-02     1.8781E-02     1.5583E-03     1.2006E-02
     6.1090E-02    -1.1432E-02    -3.9747E-02         0.1772        -0.2154
     7.0369E-04     3.3639E-02    -5.7471E-02     5.2383E-04    -3.3576E-03
    -2.4081E-02    -2.5729E-03     3.9317E-02    -5.2441E-02     5.0069E-02
     6.2858E-02    -1.3218E-02    -4.2528E-02         0.1802        -0.2178
     2.8302E-03     3.8048E-02    -3.1469E-02     1.0935E-03     1.8801E-03
    -3.1822E-02    -1.4396E-02     7.9055E-02    -6.1755E-02     8.8265E-02
     6.1323E-02    -1.8974E-02    -7.7493E-02         0.1818        -0.2253
     5.0594E-03     3.9234E-02    -3.6904E-02     1.8981E-03    -3.3200E-03
     2.6505E-02    -3.9673E-02     9.3196E-03     6.2908E-02    -4.8326E-02
     6.0840E-02    -2.2371E-02    -7.3398E-02         0.1822        -0.2194
    -2.8643E-03     2.9356E-02    -8.4239E-02    -4.0889E-04    -2.9935E-03
     2.6505E-02     3.9673E-02    -9.3196E-03     6.2908E-02    -4.8326E-02
     6.0840E-02     2.2371E-02     7.3398E-02         0.1822        -0.2194
     2.8643E-03     2.9356E-02    -8.4239E-02     4.0889E-04     2.9935E-03
    -3.1822E-02     1.4396E-02    -7.9055E-02    -6.1755E-02     8.8265E-02
     6.1323E-02     1.8974E-02     7.7493E-02         0.1818        -0.2253
    -5.0594E-03     3.9234E-02    -3.6904E-02    -1.8981E-03     3.3200E-03
    -2.4081E-02     2.5729E-03    -3.9317E-02    -5.2441E-02     5.0069E-02
     6.2858E-02     1.3218E-02     4.2528E-02         0.1802        -0.2178
    -2.8302E-03     3.8048E-02    -3.1469E-02    -1.0935E-03    -1.8801E-03
              0              0              0              0              0
              0              0              0              0              0
              0              0              0              0              0
              0              0              0              0              0
              0              0              0              0              0
              0              0              0              0              0
              0              0              0              0              0
              0              0              0              0              0
              0              0              0              0              0
              0              0              0              0              0
              0              0              0              0              0
              0              0              0              0              0
    -7.3813E-02    -7.2256E-12     1.2503E-11         0.1731         0.1394
         0.9994     2.1299E-11     1.1504E-10        -0.4422    -1.8492E-03
     6.5518E-11         0.5740        -0.3073     4.2407E-11    -2.6823E-12
    -6.0755E-03    -2.7199E-02     4.3483E-02     2.1530E-02     2.2138E-02
         0.9995    -8.3017E-02        -0.2364        -0.4319     2.9144E-02
    -7.1009E-05         0.4881        -0.5518     3.3480E-03     1.2659E-02
     6.1932E-02    -1.2031E-12     3.0770E-12        -0.1357    -9.3142E-02
         0.9993     2.1271E-11     1.1517E-10        -0.4330     3.9718E-02
     8.2866E-11         0.4028        -0.7944     1.3984E-10     1.6458E-11
    -6.0755E-03     2.7199E-02    -4.3483E-02     2.1530E-02     2.2138E-02
         0.9995     8.3017E-02         0.2364        -0.4319     2.9144E-02
     7.1009E-05         0.4881        -0.5518    -3.3480E-03    -1.2659E-02
    -7.3576E-02    -8.8797E-12     8.6311E-12         0.1564     7.0791E-02
         0.8636     1.3699E-11     1.1978E-10        -0.1357         0.2158
     5.4131E-11         0.5155        -0.2259     4.4701E-11     8.3902E-12
    -5.9454E-03    -4.8098E-12     8.7264E-12     1.9696E-02     2.6159E-02
         0.8639     1.2547E-11     1.1476E-10        -0.1443         0.1792
     6.2920E-11         0.4310        -0.4663     8.7586E-11     6.2431E-12
     6.1532E-02    -1.5195E-12     6.4669E-12        -0.1149    -2.4268E-02
         0.8639     1.2253E-11     1.1320E-10        -0.1494         0.1692
     7.1819E-11         0.3491        -0.6987     1.2286E-10    -4.4178E-12
     6.1755E-02     2.7765E-02    -4.1177E-02        -0.1238    -5.0420E-02
         0.9317     8.1899E-02         0.2326        -0.2856         0.1146
     8.4631E-05         0.3752        -0.7489    -4.7585E-03    -1.8040E-02
    -7.3792E-02     2.8211E-02    -4.0229E-02         0.1697         0.1214
         0.9318     8.4152E-02         0.2403        -0.2884         0.1110
     3.9917E-05         0.5457        -0.2635     3.4739E-03     1.9188E-02
     6.1755E-02    -2.7765E-02     4.1177E-02        -0.1238    -5.0420E-02
         0.9317    -8.1899E-02        -0.2326        -0.2856         0.1146
    -8.4630E-05         0.3752        -0.7489     4.7585E-03     1.8040E-02
    -7.3792E-02    -2.8211E-02     4.0229E-02         0.1697         0.1214
         0.9318    -8.4152E-02        -0.2403        -0.2884         0.1110
    -3.9917E-05         0.5457        -0.2635    -3.4739E-03    -1.9188E-02
    -6.5900E-03    -4.1724E-12     1.1748E-11     1.8267E-02    -1.5981E-02
         0.2650    -2.8680E-11     5.9132E-11         0.4348        -0.3355
     1.0196E-11         0.1808    -7.3905E-02     4.4987E-11    -4.5530E-11
    -6.4763E-02    -1.6954E-11    -5.7296E-12     3.0291E-02    -5.0636E-02
         0.2631    -3.1911E-11     5.7708E-11         0.4432        -0.3197
     2.3423E-12         0.2544         0.1223     6.6551E-12    -6.5190E-11
    -6.3393E-02     1.7571E-02    -4.9329E-02     2.1085E-02    -6.1173E-02
         0.3178     6.9048E-02         0.1888         0.4385        -0.2848
     2.6715E-04         0.2733     8.1742E-02    -3.0372E-03     4.8099E-03
    -6.4957E-02     2.0787E-02    -4.5575E-02     2.9372E-02    -5.0233E-02
         0.3734     7.1396E-02         0.1961         0.4269        -0.2131
    -7.6840E-04         0.3007     5.5215E-02     5.7585E-03    -4.5362E-03
    -6.7144E-02     2.2610E-02    -4.4530E-02     4.8878E-02    -7.0915E-02
         0.4306     7.3097E-02         0.2022         0.4088        -0.1503
    -2.9052E-04         0.3249     2.1608E-02     2.5617E-03     1.3555E-03
    -6.8580E-02     2.3677E-02    -4.4336E-02     6.3188E-02    -6.1283E-02
         0.4895     7.4187E-02         0.2065         0.3695    -6.7099E-02
    -6.3092E-04         0.3520    -1.1047E-02     6.4084E-03    -1.6038E-04
    -6.9940E-02     2.4268E-02    -4.4819E-02     7.8921E-02    -6.6366E-02
         0.5497     7.5342E-02         0.2109         0.3211     4.7773E-03
    -2.4262E-04         0.3772    -4.7902E-02     3.1988E-03     2.1157E-03
    -7.1041E-02     2.5113E-02    -4.4157E-02     9.6406E-02    -4.3855E-02
         0.6111     7.6448E-02         0.2150         0.2528     8.0580E-02
    -4.1499E-04         0.4051    -8.2457E-02     5.9896E-03     5.4369E-03
    -7.1783E-02     2.5127E-02    -4.5229E-02         0.1068    -4.2685E-02
         0.6734     7.7291E-02         0.2182         0.1754         0.1353
    -1.5303E-04         0.4311        -0.1206     2.8995E-03     3.5662E-03
    -7.2549E-02     2.5888E-02    -4.3665E-02         0.1258    -1.4994E-03
         0.7363     7.8821E-02         0.2229     8.1811E-02         0.1869
    -2.6236E-04         0.4596        -0.1555     5.3199E-03     9.2674E-03
    -7.2818E-02     2.5930E-02    -4.4349E-02         0.1302     3.9931E-04
         0.7998     7.8511E-02         0.2227    -2.3153E-02         0.1934
    -2.3557E-04         0.4860        -0.1944     7.2391E-03     1.7789E-02
    -6.0153E-03     2.7250E-02    -3.9993E-02     2.2041E-02     2.9932E-02
         0.7995     7.9622E-02         0.2256    -1.9234E-02         0.2128
    -2.5188E-05         0.4052        -0.4236     4.3901E-05    -8.0548E-04
    -5.9789E-03     2.6269E-02    -4.1972E-02     1.7201E-02     1.2799E-02
         0.7365     7.8283E-02         0.2213     8.2746E-02         0.1800
     2.7233E-05         0.3784        -0.3851    -3.1229E-05     8.2446E-04
    -6.0084E-03     2.6760E-02    -3.9936E-02     2.1165E-02     2.6909E-02
         0.6731     7.7721E-02         0.2190         0.1779         0.1470
    -4.3097E-05         0.3523        -0.3432     7.6128E-04     1.7825E-03
    -5.9601E-03     2.5819E-02    -4.1047E-02     1.6918E-02     1.1895E-02
         0.6112     7.6441E-02         0.2145         0.2554     7.5801E-02
     4.2624E-05         0.3259        -0.3046    -5.0642E-04    -7.2729E-04
    -6.0168E-03     2.5646E-02    -3.9872E-02     1.9292E-02     1.9003E-02
         0.5493     7.5579E-02         0.2110         0.3232     1.3397E-02
    -6.2902E-05         0.3005        -0.2626     8.6221E-04     1.5980E-03
    -5.8956E-03     2.4822E-02    -3.9656E-02     1.6578E-02     1.2211E-02
         0.4895     7.4473E-02         0.2065         0.3728    -7.3988E-02
     6.6547E-05         0.2750        -0.2247    -5.7201E-04    -2.8022E-05
    -6.0834E-03     2.4174E-02    -3.8788E-02     1.7995E-02     1.1877E-02
         0.4300     7.3272E-02         0.2018         0.4105        -0.1426
    -2.2970E-05         0.2508        -0.1833     6.2523E-04     8.9690E-04
    -5.7720E-03     2.3254E-02    -3.7446E-02     1.5371E-02     1.0380E-02
         0.3733     7.2206E-02         0.1969         0.4308        -0.2235
     2.7543E-04         0.2266        -0.1472    -1.5368E-03     1.9900E-03
    -6.3261E-03     2.2085E-02    -3.6696E-02     1.8216E-02     6.8029E-03
         0.3172     6.9475E-02         0.1882         0.4394        -0.2766
     9.5638E-05         0.2043        -0.1069     2.9785E-04     2.2802E-04
    -7.2818E-02    -2.5930E-02     4.4349E-02         0.1302     3.9931E-04
         0.7998    -7.8511E-02        -0.2227    -2.3153E-02         0.1934
     2.3557E-04         0.4860        -0.1944    -7.2391E-03    -1.7789E-02
    -7.2549E-02    -2.5888E-02     4.3665E-02         0.1258    -1.4994E-03
         0.7363    -7.8821E-02        -0.2229     8.1811E-02         0.1869
     2.6236E-04         0.4596        -0.1555    -5.3199E-03    -9.2674E-03
    -7.1783E-02    -2.5127E-02     4.5229E-02         0.1068    -4.2685E-02
         0.6734    -7.7291E-02        -0.2182         0.1754         0.1353
     1.5303E-04         0.4311        -0.1206    -2.8995E-03    -3.5662E-03
    -7.1041E-02    -2.5113E-02     4.4157E-02     9.6406E-02    -4.3855E-02
         0.6111    -7.6448E-02        -0.2150         0.2528     8.0580E-02
     4.1499E-04         0.4051    -8.2457E-02    -5.9896E-03    -5.4369E-03
    -6.9940E-02    -2.4268E-02     4.4819E-02     7.8921E-02    -6.6366E-02
         0.5497    -7.5342E-02        -0.2109         0.3211     4.7773E-03
     2.4262E-04         0.3772    -4.7902E-02    -3.1988E-03    -2.1157E-03
    -6.8580E-02    -2.3677E-02     4.4336E-02     6.3188E-02    -6.1283E-02
         0.4895    -7.4187E-02        -0.2065         0.3695    -6.7099E-02
     6.3092E-04         0.3520    -1.1047E-02    -6.4084E-03     1.6038E-04
    -6.7144E-02    -2.2610E-02     4.4530E-02     4.8878E-02    -7.0915E-02
         0.4306    -7.3097E-02        -0.2022         0.4088        -0.1503
     2.9052E-04         0.3249     2.1608E-02    -2.5617E-03    -1.3555E-03
    -6.4957E-02    -2.0787E-02     4.5575E-02     2.9372E-02    -5.0233E-02
         0.3734    -7.1396E-02        -0.1961         0.4269        -0.2131
     7.6840E-04         0.3007     5.5215E-02    -5.7585E-03     4.5362E-03
    -6.3393E-02    -1.7571E-02     4.9329E-02     2.1085E-02    -6.1173E-02
         0.3178    -6.9048E-02        -0.1888         0.4385        -0.2848
    -2.6715E-04         0.2733     8.1742E-02     3.0372E-03    -4.8099E-03
    -6.3261E-03    -2.2085E-02     3.6696E-02     1.8216E-02     6.8029E-03
         0.3172    -6.9475E-02        -0.1882         0.4394        -0.2766
    -9.5638E-05         0.2043        -0.1069    -2.9785E-04    -2.2802E-04
    -5.7720E-03    -2.3254E-02     3.7446E-02     1.5371E-02     1.0380E-02
         0.3733    -7.2206E-02        -0.1969         0.4308        -0.2235
    -2.7543E-04         0.2266        -0.1472     1.5368E-03    -1.9900E-03
    -6.0834E-03    -2.4174E-02     3.8788E-02     1.7995E-02     1.1877E-02
         0.4300    -7.3272E-02        -0.2018         0.4105        -0.1426
     2.2970E-05         0.2508        -0.1833    -6.2523E-04    -8.9690E-04
    -5.8956E-03    -2.4822E-02     3.9656E-02     1.6578E-02     1.2211E-02
         0.4895    -7.4473E-02        -0.2065         0.3728    -7.3988E-02
    -6.6546E-05         0.2750        -0.2247     5.7201E-04     2.8022E-05
    -6.0168E-03    -2.5646E-02     3.9872E-02     1.9292E-02     1.9003E-02
         0.5493    -7.5579E-02        -0.2110         0.3232     1.3397E-02
     6.2902E-05         0.3005        -0.2626    -8.6221E-04    -1.5980E-03
    -5.9601E-03    -2.5819E-02     4.1047E-02     1.6918E-02     1.1895E-02
         0.6112    -7.6441E-02        -0.2145         0.2554     7.5801E-02
    -4.2624E-05         0.3259        -0.3046     5.0642E-04     7.2729E-04
    -6.0084E-03    -2.6760E-02     3.9936E-02     2.1165E-02     2.6909E-02
         0.6731    -7.7721E-02        -0.2190         0.1779         0.1470
     4.3097E-05         0.3523        -0.3432    -7.6128E-04    -1.7825E-03
    -5.9789E-03    -2.6269E-02     4.1972E-02     1.7201E-02     1.2799E-02
         0.7365    -7.8283E-02        -0.2213     8.2746E-02         0.1800
    -2.7233E-05         0.3784        -0.3851     3.1229E-05    -8.2446E-04
    -6.0153E-03    -2.7250E-02     3.9993E-02     2.2041E-02     2.9932E-02
         0.7995    -7.9622E-02        -0.2256    -1.9234E-02         0.2128
     2.5188E-05         0.4052        -0.4236    -4.3900E-05     8.0548E-04
        -0.4038    -2.3682E-11     3.5796E-11         0.9988         0.9956
         0.8634     1.7838E-11     1.3632E-10        -0.1086         0.3291
     1.2170E-11         0.9420         0.9991    -1.8292E-10     1.1774E-10
        -0.4037    -2.7781E-02     4.1980E-02         0.9917         0.9703
         0.9318    -8.6090E-02        -0.2483        -0.2925     9.8261E-02
     1.4446E-05         0.9705         0.9560    -4.3126E-04    -1.3677E-03
        -0.4038    -2.3209E-11     3.7015E-11          1.000          1.000
         0.9998     2.4609E-11     1.2598E-10        -0.4612    -7.4122E-02
     2.3436E-11          1.000         0.9155    -1.7750E-10     1.3327E-10
        -0.4037     2.7781E-02    -4.1980E-02         0.9917         0.9703
         0.9318     8.6090E-02         0.2483        -0.2925     9.8261E-02
    -1.4446E-05         0.9705         0.9560     4.3126E-04     1.3677E-03
        -0.3376     2.7540E-02    -4.2694E-02         0.8199         0.7716
          1.000     8.5813E-02         0.2474        -0.4699        -0.1077
     3.5621E-06         0.9135         0.6664    -5.7850E-04    -2.4889E-03
        -0.2717     2.8687E-02    -3.9653E-02         0.6574         0.6040
         0.9998     8.6683E-02         0.2492        -0.4573    -6.0434E-02
     1.7355E-05         0.8283         0.4208    -5.5373E-04    -1.8294E-03
        -0.2056     2.7395E-02    -4.3145E-02         0.4812         0.3918
         0.9998     8.4604E-02         0.2430        -0.4639    -8.4617E-02
     2.2385E-05         0.7421         0.1731    -1.9481E-03    -7.8749E-03
        -0.1396     2.8097E-02    -4.0935E-02         0.3217         0.2379
         0.9997     8.5540E-02         0.2447        -0.4470    -2.2052E-02
     4.2113E-05         0.6577    -6.8429E-02    -3.2238E-03    -1.3336E-02
        -0.1397     2.9132E-02    -3.7949E-02         0.3283         0.2660
         0.8637     8.5711E-02         0.2451        -0.1214         0.2729
     1.0778E-06         0.6001     1.5496E-02     1.7393E-03     7.4960E-03
        -0.2055     2.8021E-02    -4.0695E-02         0.4791         0.3849
         0.8636     8.4637E-02         0.2431        -0.1225         0.2715
    -2.0236E-05         0.6842         0.2564     1.0585E-03     4.2158E-03
        -0.2717     2.8487E-02    -3.9969E-02         0.6573         0.6056
         0.8635     8.6660E-02         0.2491        -0.1092         0.3256
    -7.2663E-06         0.7706         0.5053     1.4433E-03     6.1517E-03
        -0.3376     2.8000E-02    -4.1267E-02         0.8205         0.7732
         0.8636     8.5821E-02         0.2474        -0.1178         0.2931
     7.7498E-06         0.8555         0.7499    -6.5702E-04    -2.2813E-03
        -0.1396    -2.8097E-02     4.0935E-02         0.3217         0.2379
         0.9997    -8.5540E-02        -0.2447        -0.4470    -2.2052E-02
    -4.2113E-05         0.6577    -6.8429E-02     3.2238E-03     1.3336E-02
        -0.2056    -2.7395E-02     4.3145E-02         0.4812         0.3918
         0.9998    -8.4604E-02        -0.2430        -0.4639    -8.4617E-02
    -2.2384E-05         0.7421         0.1731     1.9481E-03     7.8749E-03
        -0.2717    -2.8687E-02     3.9653E-02         0.6574         0.6040
         0.9998    -8.6683E-02        -0.2492        -0.4573    -6.0434E-02
    -1.7355E-05         0.8283         0.4208     5.5373E-04     1.8294E-03
        -0.3376    -2.7540E-02     4.2694E-02         0.8199         0.7716
          1.000    -8.5813E-02        -0.2474        -0.4699        -0.1077
    -3.5621E-06         0.9135         0.6664     5.7850E-04     2.4889E-03
        -0.3376    -2.8000E-02     4.1267E-02         0.8205         0.7732
         0.8636    -8.5821E-02        -0.2474        -0.1178         0.2931
    -7.7497E-06         0.8555         0.7499     6.5702E-04     2.2813E-03
        -0.2717    -2.8487E-02     3.9969E-02         0.6573         0.6056
         0.8635    -8.6660E-02        -0.2491        -0.1092         0.3256
     7.2664E-06         0.7706         0.5053    -1.4433E-03    -6.1517E-03
        -0.2055    -2.8021E-02     4.0695E-02         0.4791         0.3849
         0.8636    -8.4637E-02        -0.2431        -0.1225         0.2715
     2.0236E-05         0.6842         0.2564    -1.0585E-03    -4.2158E-03
        -0.1397    -2.9132E-02     3.7949E-02         0.3283         0.2660
         0.8637    -8.5711E-02        -0.2451        -0.1214         0.2729
    -1.0777E-06         0.6001     1.5496E-02    -1.7393E-03    -7.4960E-03
    -5.9614E-03     5.4874E-02    -8.4708E-02     1.8062E-02     1.6206E-02
         0.8632         0.1641         0.4657        -0.1235         0.2263
     5.9812E-05         0.4319        -0.4614     4.5926E-04     5.8392E-03
    -5.9614E-03    -5.4874E-02     8.4708E-02     1.8062E-02     1.6206E-02
         0.8632        -0.1641        -0.4657        -0.1235         0.2263
    -5.9812E-05         0.4319        -0.4614    -4.5926E-04    -5.8392E-03
    -7.2898E-02     5.4623E-02    -8.6879E-02         0.1338     1.3422E-02
         0.7997         0.1638         0.4641    -1.5135E-02         0.2194
    -4.7512E-04         0.4877        -0.1915     1.3605E-02     3.3328E-02
    -7.2426E-02     5.4080E-02    -8.7658E-02         0.1218    -1.4129E-02
         0.7358         0.1609         0.4553     8.8389E-02         0.1908
    -3.3170E-04         0.4590        -0.1563     7.1350E-03     1.1599E-02
    -7.1823E-02     5.3435E-02    -8.7861E-02         0.1098    -3.0430E-02
         0.6733         0.1590         0.4488         0.1804         0.1457
    -5.4544E-04         0.4319        -0.1202     9.7401E-03     1.3106E-02
    -7.0994E-02     5.2652E-02    -8.7711E-02     9.4867E-02    -5.0553E-02
         0.6104         0.1570         0.4413         0.2616     8.5182E-02
    -5.3157E-04         0.4047    -8.2778E-02     8.5351E-03     8.9786E-03
    -6.9840E-02     5.1472E-02    -8.7503E-02     7.8717E-02    -5.9612E-02
         0.5495         0.1546         0.4330         0.3262     8.7576E-03
    -8.8537E-04         0.3782    -4.7729E-02     1.0674E-02     3.2231E-03
    -6.8741E-02     5.0228E-02    -8.6743E-02     6.5050E-02    -6.6885E-02
         0.4884         0.1526         0.4246         0.3789    -6.9046E-02
    -7.5799E-04         0.3517    -1.1462E-02     8.6460E-03     4.1050E-03
    -6.6841E-02     4.8179E-02    -8.6130E-02     4.5881E-02    -6.0726E-02
         0.4301         0.1497         0.4143         0.4137        -0.1491
    -1.2749E-03         0.3262     2.1818E-02     1.0996E-02    -5.1944E-03
    -6.5448E-02     4.5630E-02    -8.6533E-02     3.5067E-02    -6.5844E-02
         0.3720         0.1471         0.4039         0.4357        -0.2227
    -8.2269E-04         0.3007     5.5153E-02     6.0607E-03     3.3666E-04
    -6.1741E-02     3.9866E-02    -9.2360E-02     9.4667E-03    -3.1970E-02
         0.3173         0.1418         0.3870         0.4406        -0.2820
    -1.3243E-03         0.2762     8.5672E-02     7.0716E-03    -7.4848E-03
     6.0853E-02     5.6478E-02    -8.0535E-02    -9.3173E-02     3.3736E-02
         0.7997         0.1632         0.4626    -1.6638E-02         0.2116
     4.0408E-04         0.3235        -0.6569    -1.1001E-02    -2.5159E-02
     6.0466E-02     5.5902E-02    -8.1153E-02    -8.3851E-02     5.2250E-02
         0.7359         0.1613         0.4554     8.8178E-02         0.1929
     3.5995E-04         0.2981        -0.6112    -6.6353E-03    -8.4565E-03
     5.9850E-02     5.5635E-02    -7.9910E-02    -7.1017E-02     7.2535E-02
         0.6731         0.1595         0.4489         0.1820         0.1486
     4.8851E-04         0.2724        -0.5694    -9.0133E-03    -1.2189E-02
     5.8976E-02     5.4813E-02    -7.9383E-02    -5.7458E-02     8.4277E-02
         0.6105         0.1575         0.4409         0.2605     8.4622E-02
     5.7878E-04         0.2478        -0.5235    -7.9030E-03    -4.2838E-03
     5.7966E-02     5.3808E-02    -7.8418E-02    -4.3377E-02     9.1266E-02
         0.5493         0.1553         0.4324         0.3279     1.0900E-02
     7.7363E-04         0.2228        -0.4810    -9.7882E-03    -3.4459E-03
     5.6597E-02     5.2716E-02    -7.6669E-02    -2.8309E-02     9.3074E-02
         0.4886         0.1534         0.4238         0.3777    -6.7263E-02
     8.8529E-04         0.1991        -0.4352    -8.5445E-03     7.4313E-04
     5.4988E-02     5.1433E-02    -7.4206E-02    -1.2952E-02     8.6376E-02
         0.4299         0.1508         0.4133         0.4154        -0.1500
     1.2268E-03         0.1756        -0.3925    -1.0211E-02     6.0934E-03
     5.3435E-02     5.0784E-02    -6.9272E-02    -8.7032E-04     7.9755E-02
         0.3721         0.1481         0.4020         0.4351        -0.2178
     1.4998E-03         0.1538        -0.3465    -8.6966E-03     5.6660E-03
     5.1056E-02     5.1624E-02    -5.8840E-02     1.5772E-02     6.2957E-02
         0.3165         0.1434         0.3856         0.4449        -0.2893
     1.6386E-03         0.1325        -0.3043    -7.3806E-03     1.2017E-02
     6.0853E-02    -5.6478E-02     8.0535E-02    -9.3173E-02     3.3736E-02
         0.7997        -0.1632        -0.4626    -1.6638E-02         0.2116
    -4.0408E-04         0.3235        -0.6569     1.1001E-02     2.5159E-02
     6.0466E-02    -5.5902E-02     8.1153E-02    -8.3851E-02     5.2250E-02
         0.7359        -0.1613        -0.4554     8.8178E-02         0.1929
    -3.5995E-04         0.2981        -0.6112     6.6353E-03     8.4565E-03
     5.9850E-02    -5.5635E-02     7.9910E-02    -7.1017E-02     7.2535E-02
         0.6731        -0.1595        -0.4489         0.1820         0.1486
    -4.8851E-04         0.2724        -0.5694     9.0133E-03     1.2189E-02
     5.8976E-02    -5.4813E-02     7.9383E-02    -5.7458E-02     8.4277E-02
         0.6105        -0.1575        -0.4409         0.2605     8.4622E-02
    -5.7878E-04         0.2478        -0.5235     7.9030E-03     4.2838E-03
     5.7966E-02    -5.3808E-02     7.8418E-02    -4.3377E-02     9.1266E-02
         0.5493        -0.1553        -0.4324         0.3279     1.0900E-02
    -7.7363E-04         0.2228        -0.4810     9.7882E-03     3.4459E-03
     5.6597E-02    -5.2716E-02     7.6669E-02    -2.8309E-02     9.3074E-02
         0.4886        -0.1534        -0.4238         0.3777    -6.7263E-02
    -8.8529E-04         0.1991        -0.4352     8.5445E-03    -7.4313E-04
     5.4988E-02    -5.1433E-02     7.4206E-02    -1.2952E-02     8.6376E-02
         0.4299        -0.1508        -0.4133         0.4154        -0.1500
    -1.2268E-03         0.1756        -0.3925     1.0211E-02    -6.0934E-03
     5.3435E-02    -5.0784E-02     6.9272E-02    -8.7032E-04     7.9755E-02
         0.3721        -0.1481        -0.4020         0.4351        -0.2178
    -1.4998E-03         0.1538        -0.3465     8.6966E-03    -5.6660E-03
     5.1056E-02    -5.1624E-02     5.8840E-02     1.5772E-02     6.2957E-02
         0.3165        -0.1434        -0.3856         0.4449        -0.2893
    -1.6386E-03         0.1325        -0.3043     7.3806E-03    -1.2017E-02
    -7.2898E-02    -5.4623E-02     8.6879E-02         0.1338     1.3422E-02
         0.7997        -0.1638        -0.4641    -1.5135E-02         0.2194
     4.7512E-04         0.4877        -0.1915    -1.3605E-02    -3.3328E-02
    -7.2426E-02    -5.4080E-02     8.7658E-02         0.1218    -1.4129E-02
         0.7358        -0.1609        -0.4553     8.8389E-02         0.1908
     3.3170E-04         0.4590        -0.1563    -7.1350E-03    -1.1599E-02
    -7.1823E-02    -5.3435E-02     8.7861E-02         0.1098    -3.0430E-02
         0.6733        -0.1590        -0.4488         0.1804         0.1457
     5.4544E-04         0.4319        -0.1202    -9.7401E-03    -1.3106E-02
    -7.0994E-02    -5.2652E-02     8.7711E-02     9.4867E-02    -5.0553E-02
         0.6104        -0.1570        -0.4413         0.2616     8.5182E-02
     5.3157E-04         0.4047    -8.2778E-02    -8.5351E-03    -8.9786E-03
    -6.9840E-02    -5.1472E-02     8.7503E-02     7.8717E-02    -5.9612E-02
         0.5495        -0.1546        -0.4330         0.3262     8.7576E-03
     8.8537E-04         0.3782    -4.7729E-02    -1.0674E-02    -3.2231E-03
    -6.8741E-02    -5.0228E-02     8.6743E-02     6.5050E-02    -6.6885E-02
         0.4884        -0.1526        -0.4246         0.3789    -6.9046E-02
     7.5799E-04         0.3517    -1.1462E-02    -8.6460E-03    -4.1050E-03
    -6.6841E-02    -4.8179E-02     8.6130E-02     4.5881E-02    -6.0726E-02
         0.4301        -0.1497        -0.4143         0.4137        -0.1491
     1.2749E-03         0.3262     2.1818E-02    -1.0996E-02     5.1944E-03
    -6.5448E-02    -4.5630E-02     8.6533E-02     3.5067E-02    -6.5844E-02
         0.3720        -0.1471        -0.4039         0.4357        -0.2227
     8.2269E-04         0.3007     5.5153E-02    -6.0607E-03    -3.3666E-04
    -6.1741E-02    -3.9866E-02     9.2360E-02     9.4667E-03    -3.1970E-02
         0.3173        -0.1418        -0.3870         0.4406        -0.2820
     1.3243E-03         0.2762     8.5672E-02    -7.0716E-03     7.4848E-03
    -4.6848E-03     4.2938E-02    -7.2423E-02     1.0302E-02     1.3748E-02
         0.2630         0.1350         0.3630         0.4363        -0.3333
    -6.7159E-04         0.1827    -7.4320E-02     3.2453E-03     7.4458E-05
     4.8439E-02     2.7999E-02    -1.5109E-02     2.8458E-02     4.5475E-02
         0.2648     6.3306E-02         0.1700         0.4303        -0.3235
     9.6520E-04         0.1111        -0.2620    -1.8648E-03     2.8163E-03
     4.8456E-02    -1.3909E-12     1.5853E-11     2.3933E-02     6.9129E-02
         0.2651    -2.8309E-11     5.9645E-11         0.4312        -0.3221
     1.7301E-11         0.1115        -0.2598     8.4753E-11    -3.0194E-11
     4.8439E-02    -2.7999E-02     1.5109E-02     2.8458E-02     4.5475E-02
         0.2648    -6.3306E-02        -0.1700         0.4303        -0.3235
    -9.6520E-04         0.1111        -0.2620     1.8648E-03    -2.8163E-03
    -4.6848E-03    -4.2938E-02     7.2423E-02     1.0302E-02     1.3748E-02
         0.2630        -0.1350        -0.3630         0.4363        -0.3333
     6.7159E-04         0.1827    -7.4320E-02    -3.2453E-03    -7.4459E-05
    -3.0356E-03     1.2484E-02    -2.9736E-02     6.0019E-04     9.2643E-03
     9.2657E-02     2.2412E-02     6.7638E-02         0.2474        -0.3137
     7.9891E-04     6.0167E-02    -5.6012E-02    -9.6468E-04     3.4965E-02
    -2.9790E-03     1.5770E-02    -2.7059E-02     2.7587E-03     1.0563E-02
         0.1272     3.1881E-02     9.1738E-02         0.3089        -0.3901
    -8.1073E-04     8.5884E-02    -5.9201E-02    -9.7657E-03     7.6158E-02
    -4.1242E-03     1.7841E-02    -3.0717E-02     5.3801E-03     1.3892E-02
         0.1691     4.3682E-02         0.1216         0.3670        -0.4230
    -3.8138E-04         0.1198    -5.5178E-02    -6.7198E-03     7.4570E-02
    -4.3952E-03     1.7321E-02    -3.7007E-02     5.3043E-03     1.6147E-02
         0.2144     5.3253E-02         0.1459         0.4032        -0.3785
     2.6009E-06         0.1491    -6.4396E-02    -8.9547E-03     4.2747E-02
    -5.3119E-02    -2.0962E-02        -0.1259    -4.0675E-02         0.1076
         0.2169     4.2149E-02         0.1239         0.3852        -0.3503
    -3.6832E-03         0.2214         0.1238     8.7275E-03     7.1445E-02
    -4.8630E-02    -2.3013E-02        -0.1263    -4.4755E-02     6.3664E-02
         0.1699     4.4748E-02         0.1264         0.3584        -0.3871
    -2.9673E-03         0.1669     7.3424E-02    -1.2973E-02         0.1895
    -4.1753E-02    -2.5266E-02        -0.1246    -4.8420E-02     3.1580E-03
         0.1286     2.8221E-02     8.5853E-02         0.3002        -0.3633
    -2.8025E-03         0.1196     3.5825E-02    -1.1773E-02         0.1892
    -3.6910E-02    -2.8054E-02        -0.1225    -4.9958E-02    -4.2135E-02
     9.6399E-02     3.0301E-02     9.2221E-02         0.2476        -0.2964
    -6.2155E-03     6.7894E-02    -2.5879E-02    -1.0307E-02     8.9976E-02
    -3.0356E-03    -1.2484E-02     2.9736E-02     6.0019E-04     9.2643E-03
     9.2657E-02    -2.2412E-02    -6.7638E-02         0.2474        -0.3137
    -7.9891E-04     6.0167E-02    -5.6012E-02     9.6468E-04    -3.4965E-02
    -2.9790E-03    -1.5770E-02     2.7059E-02     2.7587E-03     1.0563E-02
         0.1272    -3.1881E-02    -9.1738E-02         0.3089        -0.3901
     8.1073E-04     8.5884E-02    -5.9201E-02     9.7657E-03    -7.6158E-02
    -4.1242E-03    -1.7841E-02     3.0717E-02     5.3801E-03     1.3892E-02
         0.1691    -4.3682E-02        -0.1216         0.3670        -0.4230
     3.8138E-04         0.1198    -5.5178E-02     6.7198E-03    -7.4570E-02
    -4.3952E-03    -1.7321E-02     3.7007E-02     5.3043E-03     1.6147E-02
         0.2144    -5.3253E-02        -0.1459         0.4032        -0.3785
    -2.6009E-06         0.1491    -6.4396E-02     8.9547E-03    -4.2747E-02
     4.4982E-02    -5.9115E-02     2.1532E-02     4.2517E-02     2.5917E-02
         0.2131        -0.1168        -0.3121         0.3971        -0.3090
    -2.5721E-03     8.8872E-02        -0.2290     1.9919E-03     2.4755E-02
     4.0329E-02    -6.1399E-02     5.0532E-03     5.4755E-02     2.8388E-04
         0.1661    -9.4034E-02        -0.2534         0.3506        -0.2629
    -2.9596E-03     7.0986E-02        -0.1881    -4.1550E-03     6.8779E-02
     3.6533E-02    -5.7917E-02    -1.3803E-03     6.2012E-02    -2.4922E-02
         0.1253    -6.5038E-02        -0.1820         0.2961        -0.2410
    -3.1064E-03     5.6623E-02        -0.1479    -4.9092E-03     6.9327E-02
     3.0471E-02    -4.8499E-02     3.8497E-03     6.2865E-02    -4.1976E-02
     9.0135E-02    -4.1951E-02        -0.1217         0.2402        -0.2383
    -3.2067E-03     4.2663E-02        -0.1121    -2.5075E-03     2.7643E-02
     3.0471E-02     4.8499E-02    -3.8497E-03     6.2865E-02    -4.1976E-02
     9.0135E-02     4.1951E-02         0.1217         0.2402        -0.2383
     3.2067E-03     4.2663E-02        -0.1121     2.5075E-03    -2.7643E-02
     3.6533E-02     5.7917E-02     1.3803E-03     6.2012E-02    -2.4922E-02
         0.1253     6.5038E-02         0.1820         0.2961        -0.2410
     3.1064E-03     5.6623E-02        -0.1479     4.9092E-03    -6.9327E-02
     4.0329E-02     6.1399E-02    -5.0532E-03     5.4755E-02     2.8388E-04
         0.1661     9.4034E-02         0.2534         0.3506        -0.2629
     2.9596E-03     7.0986E-02        -0.1881     4.1550E-03    -6.8779E-02
     4.4982E-02     5.9115E-02    -2.1532E-02     4.2517E-02     2.5917E-02
         0.2131         0.1168         0.3121         0.3971        -0.3090
     2.5721E-03     8.8872E-02        -0.2290    -1.9919E-03    -2.4755E-02
    -3.3855E-02     3.9170E-02    -2.8666E-02    -6.5561E-02         0.1602
     8.6006E-02     2.9409E-02         0.1016         0.2352        -0.2535
    -6.8595E-03     6.8865E-02    -2.3268E-02    -7.8885E-03     8.1415E-02
    -4.2417E-02     3.8791E-02    -4.8117E-02    -5.6798E-02     8.8643E-02
         0.1263     6.7643E-02         0.1954         0.3082        -0.2841
    -4.9405E-03         0.1212     3.3561E-02    -1.0621E-02         0.1801
    -4.7892E-02     4.1934E-02    -5.4240E-02    -3.8317E-02    -1.9910E-02
         0.1661     8.8602E-02         0.2496         0.3564        -0.3028
    -4.6279E-03         0.1667     7.2531E-02    -8.8602E-03         0.1780
    -5.4328E-02     4.9865E-02    -5.0479E-02    -1.0639E-02        -0.1082
         0.2120         0.1262         0.3391         0.4187        -0.3512
    -4.6452E-03         0.2214         0.1198     9.4194E-03     6.5572E-02
    -5.4328E-02    -4.9865E-02     5.0479E-02    -1.0639E-02        -0.1082
         0.2120        -0.1262        -0.3391         0.4187        -0.3512
     4.6452E-03         0.2214         0.1198    -9.4194E-03    -6.5572E-02
    -4.7892E-02    -4.1934E-02     5.4240E-02    -3.8317E-02    -1.9910E-02
         0.1661    -8.8602E-02        -0.2496         0.3564        -0.3028
     4.6279E-03         0.1667     7.2531E-02     8.8602E-03        -0.1780
    -4.2417E-02    -3.8791E-02     4.8117E-02    -5.6798E-02     8.8643E-02
         0.1263    -6.7643E-02        -0.1954         0.3082        -0.2841
     4.9405E-03         0.1212     3.3561E-02     1.0621E-02        -0.1801
    -3.3855E-02    -3.9170E-02     2.8666E-02    -6.5561E-02         0.1602
     8.6006E-02    -2.9409E-02        -0.1016         0.2352        -0.2535
     6.8595E-03     6.8865E-02    -2.3268E-02     7.8885E-03    -8.1415E-02
    -3.6910E-02     2.8054E-02         0.1225    -4.9958E-02    -4.2135E-02
     9.6399E-02    -3.0301E-02    -9.2221E-02         0.2476        -0.2964
     6.2155E-03     6.7894E-02    -2.5879E-02     1.0307E-02    -8.9976E-02
    -4.1753E-02     2.5266E-02         0.1246    -4.8420E-02     3.1580E-03
         0.1286    -2.8221E-02    -8.5853E-02         0.3002        -0.3633
     2.8025E-03         0.1196     3.5825E-02     1.1773E-02        -0.1892
    -4.8630E-02     2.3013E-02         0.1263    -4.4755E-02     6.3664E-02
         0.1699    -4.4748E-02        -0.1264         0.3584        -0.3871
     2.9673E-03         0.1669     7.3424E-02     1.2973E-02        -0.1895
    -5.3119E-02     2.0962E-02         0.1259    -4.0675E-02         0.1076
         0.2169    -4.2149E-02        -0.1239         0.3852        -0.3503
     3.6832E-03         0.2214         0.1238    -8.7275E-03    -7.1445E-02
     2.8153E-04     2.1738E-12     2.7777E-12    -1.4547E-03     3.2718E-02
     6.0587E-02    -6.2412E-12     5.7447E-11         0.1744        -0.2117
     7.5612E-13     3.3576E-02    -5.6535E-02     2.4190E-11    -1.8604E-11
    -1.8824E-03    -2.4302E-02     4.3584E-02     3.0920E-03     5.5389E-03
     5.9091E-02    -2.0467E-02    -7.3300E-02         0.1792        -0.2194
     1.1308E-03     3.5500E-02    -6.1307E-02     3.3487E-04    -3.2743E-03
     2.4973E-02    -2.0157E-02     2.1140E-03     6.0062E-02    -4.6322E-02
     6.2416E-02    -1.3098E-02    -4.1838E-02         0.1803        -0.2204
    -1.1581E-03     2.6329E-02    -8.6746E-02     5.2647E-04    -1.5704E-03
     2.5207E-02    -4.8325E-12     1.7632E-11     6.3107E-02    -7.0325E-02
     6.2692E-02    -6.4202E-12     5.6776E-11         0.1794        -0.2222
     5.6865E-13     2.6276E-02    -8.8757E-02     2.6884E-11    -1.2481E-11
     2.4973E-02     2.0157E-02    -2.1140E-03     6.0062E-02    -4.6322E-02
     6.2416E-02     1.3098E-02     4.1838E-02         0.1803        -0.2204
     1.1581E-03     2.6329E-02    -8.6746E-02    -5.2647E-04     1.5704E-03
    -1.8824E-03     2.4302E-02    -4.3584E-02     3.0920E-03     5.5389E-03
     5.9091E-02     2.0467E-02     7.3300E-02         0.1792        -0.2194
    -1.1308E-03     3.5500E-02    -6.1307E-02    -3.3487E-04     3.2743E-03
    -1.7109E-02     3.3079E-12    -3.4021E-11    -4.7685E-02     5.7131E-02
     5.8836E-02    -6.6350E-12     6.5314E-11         0.1745        -0.2062
     2.2103E-13     3.7010E-02    -3.3710E-02     2.0153E-11    -2.1692E-11
     2.0370E-02    -2.6060E-02     1.7097E-02     5.4849E-02    -5.0735E-02
     3.7494E-02    -1.3745E-02    -4.6333E-02         0.1226        -0.1596
    -2.7893E-03     1.7384E-02    -6.3746E-02    -2.5656E-03    -4.6982E-03
     1.5572E-02    -2.0125E-02     2.0258E-02     4.7292E-02    -4.8706E-02
     2.1852E-02    -8.5139E-03    -3.0127E-02     7.5466E-02        -0.1003
    -3.2687E-03     1.0393E-02    -4.2087E-02    -6.2710E-03     5.2893E-03
     1.0418E-02    -1.0975E-02     9.9772E-03     3.2712E-02    -3.6568E-02
     8.5891E-03    -5.3083E-03    -1.6322E-02     3.3232E-02    -4.7787E-02
    -3.0492E-03     4.8951E-03    -2.2281E-02    -7.1079E-03     4.5432E-03
     6.0271E-03    -7.6196E-03     8.4148E-03     2.0663E-02    -2.4299E-02
     2.3927E-03    -4.1839E-03    -3.5747E-03     1.0663E-02    -1.4959E-02
    -2.9284E-03     2.5969E-03    -9.2893E-03    -9.4013E-03     1.0804E-02
     6.0271E-03     7.6196E-03    -8.4148E-03     2.0663E-02    -2.4299E-02
     2.3927E-03     4.1839E-03     3.5747E-03     1.0663E-02    -1.4959E-02
     2.9284E-03     2.5969E-03    -9.2893E-03     9.4013E-03    -1.0804E-02
     1.0418E-02     1.0975E-02    -9.9772E-03     3.2712E-02    -3.6568E-02
     8.5891E-03     5.3083E-03     1.6322E-02     3.3232E-02    -4.7787E-02
     3.0492E-03     4.8951E-03    -2.2281E-02     7.1079E-03    -4.5432E-03
     1.5572E-02     2.0125E-02    -2.0258E-02     4.7292E-02    -4.8706E-02
     2.1852E-02     8.5139E-03     3.0127E-02     7.5466E-02        -0.1003
     3.2687E-03     1.0393E-02    -4.2087E-02     6.2710E-03    -5.2893E-03
     2.0370E-02     2.6060E-02    -1.7097E-02     5.4849E-02    -5.0735E-02
     3.7494E-02     1.3745E-02     4.6333E-02         0.1226        -0.1596
     2.7893E-03     1.7384E-02    -6.3746E-02     2.5656E-03     4.6982E-03
    -2.2122E-02    -1.2586E-02     5.1707E-02    -5.0192E-02     5.4253E-02
     3.8599E-02    -1.0576E-02    -5.2904E-02         0.1221        -0.1561
     2.3976E-03     2.7305E-02    -1.5802E-02     2.4003E-03     7.6764E-04
    -1.5765E-02    -1.4221E-02     3.9325E-02    -4.4769E-02     6.8114E-02
     2.1837E-02    -5.3460E-03    -3.4557E-02     7.5521E-02        -0.1046
     2.1993E-03     1.7833E-02    -9.5826E-03     5.0120E-03    -8.4256E-03
    -1.0400E-02    -7.8699E-03     2.3324E-02    -3.0736E-02     4.0687E-02
     8.7899E-03    -2.6686E-03    -2.1406E-02     3.2943E-02    -4.7565E-02
     3.0218E-03     9.0181E-03    -2.5793E-03     6.4528E-03    -6.1321E-03
    -5.8625E-03    -5.9744E-03     1.5816E-02    -1.9209E-02     3.0497E-02
     2.2363E-03     1.0383E-03    -1.2669E-02     1.0081E-02    -1.7097E-02
     2.8049E-03     3.8795E-03    -2.7303E-03     8.6896E-03    -1.4032E-02
    -5.8625E-03     5.9744E-03    -1.5816E-02    -1.9209E-02     3.0497E-02
     2.2363E-03    -1.0383E-03     1.2669E-02     1.0081E-02    -1.7097E-02
    -2.8049E-03     3.8795E-03    -2.7303E-03    -8.6896E-03     1.4032E-02
    -1.0400E-02     7.8699E-03    -2.3324E-02    -3.0736E-02     4.0687E-02
     8.7899E-03     2.6686E-03     2.1406E-02     3.2943E-02    -4.7565E-02
    -3.0218E-03     9.0181E-03    -2.5793E-03    -6.4528E-03     6.1321E-03
    -1.5765E-02     1.4221E-02    -3.9325E-02    -4.4769E-02     6.8114E-02
     2.1837E-02     5.3460E-03     3.4557E-02     7.5521E-02        -0.1046
    -2.1993E-03     1.7833E-02    -9.5826E-03    -5.0120E-03     8.4256E-03
    -2.2122E-02     1.2586E-02    -5.1707E-02    -5.0192E-02     5.4253E-02
     3.8599E-02     1.0576E-02     5.2904E-02         0.1221        -0.1561
    -2.3976E-03     2.7305E-02    -1.5802E-02    -2.4003E-03    -7.6764E-04
              0              0              0              0              0
              0              0              0              0              0
              0              0              0              0              0
              0              0              0              0              0
              0              0              0              0              0
              0              0              0              0              0
              0              0              0              0              0
              0              0              0              0              0
              0              0              0              0              0
              0              0              0              0              0
              0              0              0              0              0
              0              0              0              0              0
              0              0              0              0              0
              0              0              0              0              0
              0              0              0              0              0
              0              0              0              0              0
              0              0              0              0              0
              0              0              0              0              0
              0              0              0              0              0
              0              0              0              0              0
              0              0              0              0              0
              0              0              0              0              0
              0              0              0              0              0
              0              0              0              0              0
    -6.0586E-03    -5.3301E-12     5.0132E-12     2.5205E-02     4.2434E-02
         0.9996     2.0984E-11     1.1389E-10        -0.4362     2.1286E-02
     7.4259E-11         0.4884        -0.5509     8.8977E-11     3.0425E-13
    -5.9355E-03     2.7021E-02    -4.3594E-02     1.6729E-02     1.1695E-02
         0.9315     8.2393E-02         0.2342        -0.2851         0.1233
    -4.2709E-05         0.4602        -0.5072     1.5602E-03     6.0419E-03
    -5.9355E-03    -2.7021E-02     4.3594E-02     1.6729E-02     1.1695E-02
         0.9315    -8.2393E-02        -0.2342        -0.2851         0.1233
     4.2709E-05         0.4602        -0.5072    -1.5602E-03    -6.0419E-03
    -7.3815E-02    -7.3265E-12     1.2457E-11         0.1669         0.1069
         0.9317     1.8801E-11     1.2146E-10        -0.2849         0.1183
     5.9935E-11         0.5444        -0.2680     5.0971E-11     3.7528E-11
     6.1657E-02    -1.6928E-12     4.0907E-12        -0.1174    -2.6793E-02
         0.9315     1.6597E-11     1.1453E-10        -0.2819         0.1203
     7.7412E-11         0.3761        -0.7459     1.2482E-10    -2.1284E-11
    -6.6237E-03    -8.1812E-12     4.1840E-12     1.8569E-02     1.6521E-02
         0.3183    -2.1624E-11     7.2089E-11         0.4350        -0.2711
     1.5387E-11         0.2049        -0.1067     4.9112E-11    -4.1432E-11
    -5.9802E-03    -4.6379E-12     9.6564E-12     1.7302E-02     2.9333E-03
         0.3734    -1.7431E-11     8.1783E-11         0.4295        -0.2248
     2.0703E-11         0.2259        -0.1471     5.3641E-11    -3.4886E-11
    -5.9810E-03    -5.8599E-12     7.1146E-12     1.6967E-02     1.6617E-02
         0.4305    -1.3760E-11     8.8424E-11         0.4080        -0.1394
     2.5763E-11         0.2512        -0.1831     5.9250E-11    -2.9712E-11
    -5.9485E-03    -5.0787E-12     8.8513E-12     1.6871E-02     8.1444E-03
         0.4896    -9.4498E-12     9.6306E-11         0.3710    -7.6985E-02
     3.1161E-11         0.2745        -0.2245     6.3047E-11    -2.5297E-11
    -5.9748E-03    -5.4317E-12     8.1120E-12     1.9767E-02     2.4201E-02
         0.5497    -6.1156E-12     1.0100E-10         0.3208     1.5823E-02
     3.6364E-11         0.3008        -0.2627     6.8437E-11    -1.6691E-11
    -5.9572E-03    -5.4184E-12     8.1194E-12     1.5316E-02     4.3660E-03
         0.6112    -2.2613E-12     1.0608E-10         0.2535     7.0239E-02
     4.1703E-11         0.3255        -0.3044     7.1700E-11    -1.5807E-11
    -6.0465E-03    -5.1967E-12     9.0218E-12     2.3888E-02     3.7239E-02
         0.6733     1.0044E-12     1.0884E-10         0.1758         0.1489
     4.6996E-11         0.3525        -0.3433     7.6459E-11    -5.8467E-12
    -5.9105E-03    -5.5843E-12     7.3017E-12     1.3599E-02     4.8917E-04
         0.7364     4.6569E-12     1.1128E-10     8.0316E-02         0.1709
     5.2309E-11         0.3780        -0.3851     7.9515E-11    -5.7569E-12
    -6.1083E-03    -4.8437E-12     9.7559E-12     2.5907E-02     4.1843E-02
         0.7997     8.5122E-12     1.1403E-10    -1.8185E-02         0.2236
     5.7670E-11         0.4056        -0.4229     8.1574E-11    -1.1145E-12
    -6.3189E-02    -1.4289E-11    -9.3018E-12     1.8003E-02    -5.0742E-02
         0.3192    -2.1360E-11     7.1022E-11         0.4304        -0.2871
     9.7453E-12         0.2728     7.8226E-02     3.2555E-12    -5.1903E-11
    -6.5668E-02    -9.0725E-12     2.2683E-12     3.5820E-02    -6.0546E-02
         0.3730    -1.7523E-11     8.3154E-11         0.4296        -0.2078
     1.2408E-11         0.2999     5.6327E-02     1.5873E-11    -5.5558E-11
    -6.6691E-02    -1.0062E-11    -1.1266E-12     4.5285E-02    -6.3637E-02
         0.4314    -1.3488E-11     8.7303E-11         0.4028        -0.1535
     1.8175E-11         0.3251     2.0847E-02     1.7087E-11    -4.7708E-11
    -6.8692E-02    -8.8881E-12     2.8685E-12     6.5402E-02    -6.2446E-02
         0.4893    -9.4237E-12     9.7257E-11         0.3705    -6.3579E-02
     2.2782E-11         0.3515    -1.0577E-02     2.3153E-11    -4.0360E-11
    -6.9839E-02    -9.3924E-12     2.3842E-12     7.7093E-02    -6.7193E-02
         0.5503    -6.1793E-12     9.9639E-11         0.3160     1.5089E-04
     2.8254E-11         0.3776    -4.8095E-02     2.6075E-11    -3.6834E-11
    -7.0991E-02    -8.8914E-12     4.8441E-12     9.7890E-02    -3.7855E-02
         0.6110    -2.0666E-12     1.0716E-10         0.2535     8.3363E-02
     3.3172E-11         0.4045    -8.2472E-02     3.1544E-11    -2.5721E-11
    -7.1793E-02    -9.2030E-12     4.8947E-12         0.1050    -4.8865E-02
         0.6738     6.9194E-13     1.0698E-10         0.1701         0.1264
     3.8584E-11         0.4316        -0.1204     3.4608E-11    -2.2154E-11
    -7.2456E-02    -8.6388E-12     7.4659E-12         0.1262     2.7747E-03
         0.7362     5.1929E-12     1.1337E-10     8.3820E-02         0.1935
     4.3594E-11         0.4592        -0.1555     3.9526E-11    -1.0260E-11
    -7.3044E-02    -8.7903E-12     7.7231E-12         0.1364     1.8135E-02
         0.8001     7.2502E-12     1.0956E-10    -2.9305E-02         0.1781
     4.8801E-11         0.4857        -0.1958     4.9077E-11     7.2647E-12
        -0.4037    -2.3436E-11     3.5829E-11         0.9916         0.9701
         0.9318     2.1269E-11     1.3055E-10        -0.2939     9.2719E-02
     1.7808E-11         0.9704         0.9556    -1.8003E-10     1.2275E-10
        -0.1395     2.7664E-02    -4.1870E-02         0.3149         0.2160
         0.9317     8.3615E-02         0.2392        -0.2930     9.2753E-02
     2.2873E-05         0.6285    -2.7670E-02    -1.6943E-04     1.3032E-03
        -0.2056     2.8608E-02    -3.9623E-02         0.4876         0.4143
         0.9316     8.6505E-02         0.2481        -0.2819         0.1354
     1.6809E-05         0.7139         0.2171    -1.1139E-04     5.4819E-04
        -0.2715     2.7745E-02    -4.1961E-02         0.6489         0.5747
         0.9318     8.5403E-02         0.2460        -0.2944     9.0657E-02
    -6.4102E-06         0.7989         0.4614     2.9229E-04     1.2299E-03
        -0.3377     2.8577E-02    -3.9915E-02         0.8280         0.7998
         0.9316     8.6658E-02         0.2495        -0.2838         0.1311
     1.7025E-05         0.8852         0.7099    -4.4505E-04    -1.2367E-03
        -0.1395    -2.7664E-02     4.1870E-02         0.3149         0.2160
         0.9317    -8.3615E-02        -0.2392        -0.2930     9.2753E-02
    -2.2873E-05         0.6285    -2.7670E-02     1.6943E-04    -1.3032E-03
        -0.2056    -2.8608E-02     3.9623E-02         0.4876         0.4143
         0.9316    -8.6505E-02        -0.2481        -0.2819         0.1354
    -1.6809E-05         0.7139         0.2171     1.1139E-04    -5.4819E-04
        -0.2715    -2.7745E-02     4.1961E-02         0.6489         0.5747
         0.9318    -8.5403E-02        -0.2460        -0.2944     9.0657E-02
     6.4102E-06         0.7989         0.4614    -2.9229E-04    -1.2299E-03
        -0.3377    -2.8577E-02     3.9915E-02         0.8280         0.7998
         0.9316    -8.6658E-02        -0.2495        -0.2838         0.1311
    -1.7025E-05         0.8852         0.7099     4.4505E-04     1.2367E-03
        -0.1398    -1.0429E-11     1.7403E-11         0.3282         0.2632
         0.8636     1.6430E-11     1.2951E-10        -0.1191         0.2808
     4.5831E-11         0.5997     1.4167E-02     1.6109E-12     3.2018E-11
        -0.2055    -1.3379E-11     2.1799E-11         0.4801         0.3889
         0.8636     1.7099E-11     1.3182E-10        -0.1240         0.2678
     3.7416E-11         0.6843         0.2569    -4.4441E-11     4.5788E-11
        -0.2717    -1.7101E-11     2.6016E-11         0.6574         0.6053
         0.8634     1.7625E-11     1.3521E-10        -0.1079         0.3291
     2.8993E-11         0.7703         0.5042    -8.9670E-11     7.3090E-11
        -0.3376    -1.9999E-11     3.1209E-11         0.8209         0.7752
         0.8636     1.7786E-11     1.3505E-10        -0.1172         0.2966
     2.0619E-11         0.8558         0.7507    -1.3839E-10     8.5719E-11
        -0.1396    -1.0308E-11     1.7096E-11         0.3236         0.2491
         0.9997     2.2821E-11     1.1957E-10        -0.4473    -2.2660E-02
     5.7131E-11         0.6576    -6.8854E-02     2.2590E-12     2.6347E-11
        -0.2056    -1.4036E-11     1.9817E-11         0.4821         0.3952
         0.9998     2.3819E-11     1.2217E-10        -0.4648    -8.8521E-02
     4.8708E-11         0.7420         0.1725    -4.0733E-11     5.1197E-11
        -0.2717    -1.6645E-11     2.7037E-11         0.6578         0.6067
         0.9998     2.4397E-11     1.2493E-10        -0.4575    -6.0942E-02
     4.0272E-11         0.8283         0.4208    -8.5747E-11     8.2009E-11
        -0.3376    -2.0499E-11     2.9866E-11         0.8200         0.7713
          1.000     2.4585E-11     1.2486E-10        -0.4698        -0.1076
     3.1865E-11         0.9135         0.6661    -1.3154E-10     1.0373E-10
    -6.0145E-03     5.5363E-02    -8.4477E-02     1.9982E-02     2.2268E-02
         0.7995         0.1631         0.4621    -1.7482E-02         0.2124
    -1.0552E-05         0.4053        -0.4247     7.0672E-04     2.1042E-03
    -5.9811E-03     5.5343E-02    -8.3743E-02     1.9799E-02     2.2711E-02
         0.7360         0.1613         0.4562     9.2026E-02         0.1982
     9.3510E-06         0.3783        -0.3846     2.6275E-05     1.1662E-03
    -6.0077E-03     5.4442E-02    -8.4103E-02     1.9005E-02     1.8889E-02
         0.6728         0.1592         0.4486         0.1819         0.1487
    -2.6449E-05         0.3526        -0.3437     8.9445E-04     2.0354E-03
    -5.9635E-03     5.3732E-02    -8.3736E-02     1.8516E-02     1.7078E-02
         0.6106         0.1571         0.4411         0.2646     8.7095E-02
     1.9863E-05         0.3259        -0.3042    -2.5643E-04     6.5730E-04
    -5.9974E-03     5.2774E-02    -8.2853E-02     1.8204E-02     1.6990E-02
         0.5489         0.1552         0.4330         0.3282     1.1149E-02
    -4.4306E-05         0.3010        -0.2635     9.4056E-04     1.2722E-03
    -6.0060E-03     5.1430E-02    -8.1902E-02     1.7740E-02     1.1526E-02
         0.4886         0.1527         0.4238         0.3820    -6.9129E-02
     4.9067E-05         0.2752        -0.2242    -3.6207E-04     1.6379E-03
    -5.9694E-03     4.9960E-02    -8.0119E-02     1.6904E-02     1.3729E-02
         0.4294         0.1507         0.4147         0.4156        -0.1491
     1.6353E-05         0.2514        -0.1847     6.2067E-04     6.0485E-04
    -6.1030E-03     4.8001E-02    -7.8362E-02     1.7530E-02     7.7355E-03
         0.3720         0.1473         0.4025         0.4391        -0.2236
     2.6695E-04         0.2270        -0.1466    -1.3268E-03     3.5551E-03
    -5.2606E-03     4.6338E-02    -7.4854E-02     1.1945E-02     1.0488E-02
         0.3161         0.1441         0.3897         0.4442        -0.2868
     1.2373E-04         0.2048        -0.1089     2.6153E-04     2.9962E-04
     6.0923E-02     2.7504E-02    -3.8935E-02    -9.5134E-02     3.0597E-02
         0.7999     7.9461E-02         0.2249    -2.1229E-02         0.2034
     3.0077E-04         0.3234        -0.6555    -6.4934E-03    -1.1505E-02
     6.1123E-02    -1.4162E-12     8.4682E-12        -0.1039     3.5098E-03
         0.8000     8.4988E-12     1.1303E-10    -2.2568E-02         0.2033
     6.6540E-11         0.3231        -0.6561     1.1786E-10    -9.9103E-12
     6.0923E-02    -2.7504E-02     3.8935E-02    -9.5134E-02     3.0597E-02
         0.7999    -7.9461E-02        -0.2249    -2.1229E-02         0.2034
    -3.0077E-04         0.3234        -0.6555     6.4934E-03     1.1505E-02
     6.0459E-02     2.8088E-02    -3.6089E-02    -8.1382E-02     6.1723E-02
         0.7362     7.8738E-02         0.2225     8.2572E-02         0.1864
     1.5418E-04         0.2981        -0.6119    -3.5631E-03    -6.4553E-03
     6.0362E-02    -1.3940E-12     1.0984E-11    -7.6632E-02     7.6995E-02
         0.7363     4.6180E-12     1.1161E-10     8.2420E-02         0.1889
     6.0943E-11         0.2982        -0.6107     1.1947E-10     5.8785E-12
     6.0459E-02    -2.8088E-02     3.6089E-02    -8.1382E-02     6.1723E-02
         0.7362    -7.8738E-02        -0.2225     8.2572E-02         0.1864
    -1.5418E-04         0.2981        -0.6119     3.5631E-03     6.4553E-03
     5.9878E-02     2.7127E-02    -3.7837E-02    -7.3205E-02     6.5021E-02
         0.6735     7.7436E-02         0.2178         0.1740         0.1340
     2.7644E-04         0.2722        -0.5685    -4.2915E-03    -4.2536E-03
     5.9884E-02    -1.8625E-12     1.0613E-11    -7.5948E-02     5.4139E-02
         0.6737     9.6885E-13     1.0818E-10         0.1699         0.1241
     5.5545E-11         0.2721        -0.5694     1.1697E-10     1.0639E-12
     5.9878E-02    -2.7127E-02     3.7837E-02    -7.3205E-02     6.5021E-02
         0.6735    -7.7436E-02        -0.2178         0.1740         0.1340
    -2.7644E-04         0.2722        -0.5685     4.2915E-03     4.2536E-03
     5.9024E-02     2.7316E-02    -3.5819E-02    -5.6060E-02     9.1893E-02
         0.6110     7.6871E-02         0.2152         0.2552     8.5345E-02
     2.4500E-04         0.2477        -0.5238    -3.6989E-03    -2.5812E-03
     5.8973E-02    -1.5771E-12     1.2494E-11    -5.4290E-02     9.6836E-02
         0.6111    -2.3900E-12     1.0614E-10         0.2549     9.1148E-02
     5.0036E-11         0.2477        -0.5227     1.1385E-10     3.9770E-12
     5.9024E-02    -2.7316E-02     3.5819E-02    -5.6060E-02     9.1893E-02
         0.6110    -7.6871E-02        -0.2152         0.2552     8.5345E-02
    -2.4500E-04         0.2477        -0.5238     3.6989E-03     2.5812E-03
     5.8011E-02     2.6486E-02    -3.5972E-02    -4.4635E-02     8.7681E-02
         0.5499     7.5568E-02         0.2103         0.3193     2.8821E-03
     4.2209E-04         0.2225        -0.4801    -4.9579E-03    -1.9192E-03
     5.7976E-02    -1.5037E-12     1.3496E-11    -4.5261E-02     8.3771E-02
         0.5501    -6.0487E-12     1.0087E-10         0.3158    -5.0160E-03
     4.4720E-11         0.2223        -0.4810     1.0908E-10    -4.2719E-12
     5.8011E-02    -2.6486E-02     3.5972E-02    -4.4635E-02     8.7681E-02
         0.5499    -7.5568E-02        -0.2103         0.3193     2.8821E-03
    -4.2209E-04         0.2225        -0.4801     4.9579E-03     1.9192E-03
     5.6647E-02     2.6194E-02    -3.4458E-02    -2.7487E-02     9.6440E-02
         0.4893     7.4730E-02         0.2064         0.3719    -6.4190E-02
     3.7884E-04         0.1990        -0.4349    -3.7863E-03     9.5424E-04
     5.6642E-02    -1.4152E-12     1.4437E-11    -2.7761E-02     9.7475E-02
         0.4896    -9.6667E-12     9.5994E-11         0.3705    -5.8180E-02
     3.9191E-11         0.1990        -0.4337     1.0461E-10    -5.5223E-12
     5.6647E-02    -2.6194E-02     3.4458E-02    -2.7487E-02     9.6440E-02
         0.4893    -7.4730E-02        -0.2064         0.3719    -6.4190E-02
    -3.7884E-04         0.1990        -0.4349     3.7863E-03    -9.5424E-04
     5.5220E-02     2.5598E-02    -3.2887E-02    -1.4511E-02     8.7282E-02
         0.4308     7.3504E-02         0.2014         0.4071        -0.1490
     6.8256E-04         0.1751        -0.3914    -5.3127E-03     1.9759E-03
     5.5138E-02    -7.6339E-13     1.6378E-11    -1.3760E-02     8.3609E-02
         0.4309    -1.3688E-11     8.8882E-11         0.4050        -0.1536
     3.3876E-11         0.1749        -0.3922     9.9492E-11    -1.2400E-11
     5.5220E-02    -2.5598E-02     3.2887E-02    -1.4511E-02     8.7282E-02
         0.4308    -7.3504E-02        -0.2014         0.4071        -0.1490
    -6.8256E-04         0.1751        -0.3914     5.3127E-03    -1.9759E-03
     5.3102E-02     2.5575E-02    -2.9722E-02     2.5393E-03     7.8445E-02
         0.3731     7.2124E-02         0.1956         0.4297        -0.2145
     7.7357E-04         0.1540        -0.3450    -4.2836E-03     4.0582E-03
     5.2865E-02    -2.3159E-12     1.4480E-11     2.0907E-03     8.3355E-02
         0.3736    -1.7468E-11     8.1518E-11         0.4268        -0.2090
     2.8082E-11         0.1541        -0.3433     9.4541E-11    -1.7831E-11
     5.3102E-02    -2.5575E-02     2.9722E-02     2.5393E-03     7.8445E-02
         0.3731    -7.2124E-02        -0.1956         0.4297        -0.2145
    -7.7357E-04         0.1540        -0.3450     4.2836E-03    -4.0582E-03
     5.1197E-02     2.6804E-02    -2.2918E-02     1.3639E-02     6.4331E-02
         0.3182     6.9728E-02         0.1876         0.4364        -0.2790
     9.1144E-04         0.1330        -0.3000    -3.3147E-03     4.3379E-03
     5.1049E-02     1.3848E-12     2.1138E-11     1.4209E-02     5.1786E-02
         0.3187    -2.1143E-11     7.4322E-11         0.4345        -0.2794
     2.2304E-11         0.1333        -0.2994     9.0368E-11    -2.4021E-11
     5.1197E-02    -2.6804E-02     2.2918E-02     1.3639E-02     6.4331E-02
         0.3182    -6.9728E-02        -0.1876         0.4364        -0.2790
    -9.1144E-04         0.1330        -0.3000     3.3147E-03    -4.3379E-03
    -6.0145E-03    -5.5363E-02     8.4477E-02     1.9982E-02     2.2268E-02
         0.7995        -0.1631        -0.4621    -1.7482E-02         0.2124
     1.0552E-05         0.4053        -0.4247    -7.0672E-04    -2.1042E-03
    -5.9811E-03    -5.5343E-02     8.3743E-02     1.9799E-02     2.2711E-02
         0.7360        -0.1613        -0.4562     9.2026E-02         0.1982
    -9.3509E-06         0.3783        -0.3846    -2.6274E-05    -1.1662E-03
    -6.0077E-03    -5.4442E-02     8.4103E-02     1.9005E-02     1.8889E-02
         0.6728        -0.1592        -0.4486         0.1819         0.1487
     2.6449E-05         0.3526        -0.3437    -8.9445E-04    -2.0354E-03
    -5.9635E-03    -5.3732E-02     8.3736E-02     1.8516E-02     1.7078E-02
         0.6106        -0.1571        -0.4411         0.2646     8.7095E-02
    -1.9863E-05         0.3259        -0.3042     2.5643E-04    -6.5730E-04
    -5.9974E-03    -5.2774E-02     8.2853E-02     1.8204E-02     1.6990E-02
         0.5489        -0.1552        -0.4330         0.3282     1.1149E-02
     4.4306E-05         0.3010        -0.2635    -9.4056E-04    -1.2722E-03
    -6.0060E-03    -5.1430E-02     8.1902E-02     1.7740E-02     1.1526E-02
         0.4886        -0.1527        -0.4238         0.3820    -6.9129E-02
    -4.9067E-05         0.2752        -0.2242     3.6207E-04    -1.6379E-03
    -5.9694E-03    -4.9960E-02     8.0119E-02     1.6904E-02     1.3729E-02
         0.4294        -0.1507        -0.4147         0.4156        -0.1491
    -1.6353E-05         0.2514        -0.1847    -6.2067E-04    -6.0485E-04
    -6.1030E-03    -4.8001E-02     7.8362E-02     1.7530E-02     7.7355E-03
         0.3720        -0.1473        -0.4025         0.4391        -0.2236
    -2.6695E-04         0.2270        -0.1466     1.3268E-03    -3.5551E-03
    -5.2606E-03    -4.6338E-02     7.4854E-02     1.1945E-02     1.0488E-02
         0.3161        -0.1441        -0.3897         0.4442        -0.2868
    -1.2373E-04         0.2048        -0.1089    -2.6153E-04    -2.9962E-04
    -4.2353E-03     9.6516E-12     3.5737E-11     1.0494E-02    -7.9510E-02
         0.2144    -2.9855E-11     5.0364E-11         0.4177        -0.4305
     8.7438E-12         0.1432    -7.7305E-02     2.9173E-11     2.3230E-11
    -4.8303E-03     1.5239E-11     5.0712E-11     4.2930E-03    -1.8018E-02
         0.1699    -2.4304E-11     5.2855E-11         0.3769        -0.5104
     5.1561E-12         0.1192    -5.3430E-02     2.0322E-11     9.2838E-11
    -3.0766E-03     1.7125E-11     5.0503E-11    -5.2101E-03     5.1603E-02
         0.1284    -1.5538E-11     6.1393E-11         0.3212        -0.4739
     3.6882E-12     8.4947E-02    -6.0595E-02     1.8450E-11     9.7306E-11
    -4.6794E-03     1.1125E-11     4.0030E-11    -1.6290E-02         0.1127
     9.1249E-02    -9.4830E-12     6.7263E-11         0.2483        -0.3554
     2.9627E-12     6.4829E-02    -4.1627E-02     2.2646E-11     2.6173E-11
     4.4101E-02     3.0910E-02    -4.1232E-03     4.5594E-02     1.8773E-02
         0.2148     5.4370E-02         0.1471         0.4111        -0.3954
     7.9696E-04     9.2199E-02        -0.2179     8.2474E-03    -3.8841E-02
     4.3490E-02    -1.3619E-11    -5.9404E-12     3.9254E-02         0.1084
         0.2160    -3.0485E-11     4.8735E-11         0.4096        -0.4216
     1.0852E-11     9.8160E-02        -0.2056     8.7360E-11    -1.0319E-10
     4.4101E-02    -3.0910E-02     4.1232E-03     4.5594E-02     1.8773E-02
         0.2148    -5.4370E-02        -0.1471         0.4111        -0.3954
    -7.9696E-04     9.2199E-02        -0.2179    -8.2474E-03     3.8841E-02
     4.0721E-02     2.8971E-02    -1.2834E-03     5.4711E-02    -6.8918E-03
         0.1689     4.2931E-02         0.1173         0.3668        -0.4280
     1.3805E-03     7.0833E-02        -0.1869     5.3021E-03    -6.9130E-02
     4.0912E-02    -1.8617E-11    -2.1785E-11     5.0420E-02     3.3765E-02
         0.1698    -2.5032E-11     5.2493E-11         0.3714        -0.4832
     7.8079E-12     7.0747E-02        -0.1855     8.0730E-11    -1.6907E-10
     4.0721E-02    -2.8971E-02     1.2834E-03     5.4711E-02    -6.8918E-03
         0.1689    -4.2931E-02        -0.1173         0.3668        -0.4280
    -1.3805E-03     7.0833E-02        -0.1869    -5.3021E-03     6.9130E-02
     3.5830E-02     2.7561E-02     6.3898E-04     5.9964E-02    -1.6879E-02
         0.1286     3.3723E-02     9.4451E-02         0.3148        -0.4076
     1.9198E-03     5.5700E-02        -0.1461     9.0862E-03    -7.1467E-02
     3.5580E-02    -2.0407E-11    -2.2723E-11     6.5590E-02    -6.0461E-02
         0.1297    -1.5844E-11     6.2668E-11         0.3191        -0.4670
     4.2338E-12     5.6393E-02        -0.1462     6.7426E-11    -1.6367E-10
     3.5830E-02    -2.7561E-02    -6.3898E-04     5.9964E-02    -1.6879E-02
         0.1286    -3.3723E-02    -9.4451E-02         0.3148        -0.4076
    -1.9198E-03     5.5700E-02        -0.1461    -9.0862E-03     7.1467E-02
     3.2173E-02     2.5159E-02     5.7419E-03     6.5458E-02    -3.9150E-02
     9.0975E-02     2.2411E-02     6.4251E-02         0.2438        -0.3112
    -1.5819E-05     3.7923E-02        -0.1205     3.4314E-04    -3.0880E-02
     3.3336E-02    -1.3211E-11    -1.3657E-11     7.6277E-02        -0.1301
     9.2485E-02    -8.3462E-12     6.8713E-11         0.2465        -0.3364
     1.0623E-12     3.1851E-02        -0.1322     4.5453E-11    -7.6035E-11
     3.2173E-02    -2.5159E-02    -5.7419E-03     6.5458E-02    -3.9150E-02
     9.0975E-02    -2.2411E-02    -6.4251E-02         0.2438        -0.3112
     1.5819E-05     3.7923E-02        -0.1205    -3.4314E-04     3.0880E-02
    -4.9252E-03     4.3020E-02    -6.2920E-02     1.3311E-02    -2.8232E-04
         0.2117         0.1182         0.3186         0.4054        -0.3235
    -8.8202E-04         0.1536    -5.8626E-02    -1.2582E-03     3.6260E-02
    -3.5250E-03     3.7150E-02    -6.2677E-02     7.1001E-03     1.0137E-02
         0.1659     9.1480E-02         0.2521         0.3553        -0.2830
    -8.6678E-04         0.1201    -5.6437E-02    -7.1282E-03     8.0025E-02
    -3.0318E-03     3.3370E-02    -5.7342E-02     6.0470E-03     9.1169E-03
         0.1244     6.5421E-02         0.1869         0.2996        -0.2557
    -9.1873E-04     8.8019E-02    -6.0540E-02    -6.6886E-03     7.9961E-02
    -1.0270E-03     3.2017E-02    -4.5467E-02     4.6539E-03     1.6705E-02
     8.8425E-02     3.8267E-02         0.1192         0.2402        -0.2481
    -1.1809E-03     5.7367E-02    -6.4300E-02    -3.1244E-03     3.6714E-02
    -4.9252E-03    -4.3020E-02     6.2920E-02     1.3311E-02    -2.8232E-04
         0.2117        -0.1182        -0.3186         0.4054        -0.3235
     8.8202E-04         0.1536    -5.8626E-02     1.2582E-03    -3.6260E-02
    -3.5250E-03    -3.7150E-02     6.2677E-02     7.1001E-03     1.0137E-02
         0.1659    -9.1480E-02        -0.2521         0.3553        -0.2830
     8.6678E-04         0.1201    -5.6437E-02     7.1282E-03    -8.0025E-02
    -3.0318E-03    -3.3370E-02     5.7342E-02     6.0470E-03     9.1169E-03
         0.1244    -6.5421E-02        -0.1869         0.2996        -0.2557
     9.1873E-04     8.8019E-02    -6.0540E-02     6.6886E-03    -7.9961E-02
    -1.0270E-03    -3.2017E-02     4.5467E-02     4.6539E-03     1.6705E-02
     8.8425E-02    -3.8267E-02        -0.1192         0.2402        -0.2481
     1.1809E-03     5.7367E-02    -6.4300E-02     3.1244E-03    -3.6714E-02
              0              0              0              0              0
              0              0              0              0              0
              0              0              0              0              0
              0              0              0              0              0
              0              0              0              0              0
              0              0              0              0              0
              0              0              0              0              0
              0              0              0              0              0
              0              0              0              0              0
     2.0562E-02     1.4003E-02    -1.3622E-03     5.6355E-02    -5.3183E-02
     4.0313E-02     6.8073E-03     2.2653E-02         0.1243        -0.1544
     1.3423E-03     1.5325E-02    -6.5542E-02     8.9278E-04     1.6486E-03
     1.9562E-02    -3.0378E-13     2.0249E-11     5.0314E-02    -3.4499E-02
     4.0810E-02    -6.1255E-12     3.4124E-11         0.1238        -0.1510
     1.3692E-13     1.3864E-02    -6.4889E-02     1.8706E-11    -5.3956E-12
     2.0562E-02    -1.4003E-02     1.3622E-03     5.6355E-02    -5.3183E-02
     4.0313E-02    -6.8073E-03    -2.2653E-02         0.1243        -0.1544
    -1.3423E-03     1.5325E-02    -6.5542E-02    -8.9278E-04    -1.6486E-03
     1.5629E-02     1.0950E-02    -5.7725E-03     4.6063E-02    -4.6605E-02
     2.4070E-02     4.2966E-03     1.4976E-02     8.0015E-02        -0.1072
     1.5673E-03     7.9317E-03    -4.0607E-02     2.4410E-03    -9.4706E-04
     1.6819E-02    -3.6258E-12     1.1990E-11     4.9707E-02    -5.6208E-02
     2.5316E-02    -3.3148E-12     2.1358E-11     8.2225E-02        -0.1107
     2.0092E-13     7.8712E-03    -4.1693E-02     1.1724E-11    -4.1174E-12
     1.5629E-02    -1.0950E-02     5.7725E-03     4.6063E-02    -4.6605E-02
     2.4070E-02    -4.2966E-03    -1.4976E-02     8.0015E-02        -0.1072
    -1.5673E-03     7.9317E-03    -4.0607E-02    -2.4410E-03     9.4706E-04
     1.1053E-02     5.8176E-03    -7.1771E-04     3.6131E-02    -4.2231E-02
     1.0764E-02     2.3660E-03     7.4863E-03     3.7996E-02    -5.0943E-02
     1.6768E-03     4.2173E-03    -2.1134E-02     4.0516E-03    -3.6041E-03
     1.0173E-02    -2.8676E-13     8.1349E-12     3.2027E-02    -3.5032E-02
     1.1035E-02    -1.6545E-12     1.0925E-11     3.8744E-02    -5.0959E-02
     2.2162E-13     3.2489E-03    -1.9380E-02     5.2171E-12    -9.8233E-13
     1.1053E-02    -5.8176E-03     7.1771E-04     3.6131E-02    -4.2231E-02
     1.0764E-02    -2.3660E-03    -7.4863E-03     3.7996E-02    -5.0943E-02
    -1.6768E-03     4.2173E-03    -2.1134E-02    -4.0516E-03     3.6041E-03
     4.8066E-03     3.7359E-03    -5.9900E-04     1.6899E-02    -2.0100E-02
     4.1183E-03     2.4091E-03     1.9185E-03     1.6001E-02    -2.2041E-02
     7.7671E-04    -8.1542E-05    -7.3054E-03     2.1908E-03    -1.8380E-03
     5.9195E-03    -1.4511E-12     6.4400E-12     2.0477E-02    -2.4542E-02
     4.5497E-03    -8.4718E-13     4.2540E-12     1.6965E-02    -2.3171E-02
     2.6707E-14    -4.5793E-04    -7.8241E-03     1.4078E-12     5.0677E-13
     4.8066E-03    -3.7359E-03     5.9900E-04     1.6899E-02    -2.0100E-02
     4.1183E-03    -2.4091E-03    -1.9185E-03     1.6001E-02    -2.2041E-02
    -7.7671E-04    -8.1542E-05    -7.3054E-03    -2.1908E-03     1.8380E-03
    -1.2902E-03    -2.1906E-02     3.6906E-02     8.2224E-04     1.0261E-02
     3.7872E-02    -1.0745E-02    -4.6749E-02         0.1235        -0.1614
    -1.4029E-04     2.2645E-02    -4.0974E-02    -2.3875E-04     5.7373E-05
     2.0252E-04    -1.4373E-02     2.5661E-02     1.7423E-03     5.5926E-03
     2.0139E-02    -6.9002E-03    -3.2173E-02     7.1049E-02    -9.6832E-02
    -4.2507E-04     1.4553E-02    -2.5972E-02    -4.7434E-04    -2.7400E-03
     3.9132E-06    -1.2345E-02     2.1739E-02     1.1259E-03     3.8768E-03
     8.8347E-03    -3.7392E-03    -1.8507E-02     3.4050E-02    -4.9819E-02
    -5.5470E-05     7.2836E-03    -1.3386E-02    -3.7052E-04    -2.2524E-04
     5.2239E-05    -4.6885E-03     8.3201E-03     4.9571E-04     2.3162E-03
     4.6194E-04    -1.4368E-03    -7.1900E-03     4.3254E-03    -7.8902E-03
    -6.3770E-05     3.6821E-03    -6.6531E-03    -3.4242E-04    -1.7169E-03
    -1.2902E-03     2.1906E-02    -3.6906E-02     8.2224E-04     1.0261E-02
     3.7872E-02     1.0745E-02     4.6749E-02         0.1235        -0.1614
     1.4029E-04     2.2645E-02    -4.0974E-02     2.3875E-04    -5.7374E-05
     2.0252E-04     1.4373E-02    -2.5661E-02     1.7423E-03     5.5926E-03
     2.0139E-02     6.9002E-03     3.2173E-02     7.1049E-02    -9.6832E-02
     4.2507E-04     1.4553E-02    -2.5972E-02     4.7434E-04     2.7400E-03
     3.9132E-06     1.2345E-02    -2.1739E-02     1.1259E-03     3.8768E-03
     8.8347E-03     3.7392E-03     1.8507E-02     3.4050E-02    -4.9819E-02
     5.5470E-05     7.2836E-03    -1.3386E-02     3.7052E-04     2.2524E-04
     5.2239E-05     4.6885E-03    -8.3201E-03     4.9571E-04     2.3162E-03
     4.6194E-04     1.4368E-03     7.1900E-03     4.3254E-03    -7.8902E-03
     6.3770E-05     3.6821E-03    -6.6531E-03     3.4242E-04     1.7169E-03
    -2.0346E-02    -4.1786E-03     2.9761E-02    -5.3632E-02     7.9002E-02
     3.9805E-02    -4.8702E-03    -2.5550E-02         0.1239        -0.1595
    -5.0645E-04     2.9265E-02    -1.1212E-02    -2.4090E-04    -2.3880E-03
    -1.9668E-02    -6.0854E-14    -2.6352E-11    -5.0729E-02     6.6767E-02
     4.2008E-02    -4.2789E-12     3.3808E-11         0.1262        -0.1648
     2.6399E-12     3.0447E-02    -7.8691E-03     1.3903E-11    -1.9566E-11
    -2.0346E-02     4.1786E-03    -2.9761E-02    -5.3632E-02     7.9002E-02
     3.9805E-02     4.8702E-03     2.5550E-02         0.1239        -0.1595
     5.0645E-04     2.9265E-02    -1.1212E-02     2.4090E-04     2.3880E-03
    -1.5603E-02    -5.9691E-03     2.3834E-02    -4.1799E-02     5.2797E-02
     2.4490E-02    -2.9460E-03    -1.7591E-02     7.9644E-02        -0.1059
     1.4904E-03     1.6286E-02    -5.6690E-03     2.2786E-03    -4.7620E-04
    -1.5221E-02     2.4074E-12    -1.1064E-11    -4.3251E-02     6.1253E-02
     2.4187E-02    -3.8475E-12     2.1743E-11     7.9557E-02        -0.1031
    -3.8154E-13     1.6005E-02    -6.0175E-03     7.5075E-12    -1.2283E-11
    -1.5603E-02     5.9691E-03    -2.3834E-02    -4.1799E-02     5.2797E-02
     2.4490E-02     2.9460E-03     1.7591E-02     7.9644E-02        -0.1059
    -1.4904E-03     1.6286E-02    -5.6690E-03    -2.2786E-03     4.7620E-04
    -1.1124E-02    -2.5863E-03     1.3883E-02    -3.4723E-02     5.1928E-02
     1.0605E-02    -1.0294E-03    -9.5876E-03     3.7763E-02    -5.3424E-02
     1.1233E-03     8.5712E-03    -8.3549E-04     3.2592E-03    -5.9260E-03
    -1.0635E-02     1.5657E-12    -1.1002E-11    -3.1410E-02     4.2763E-02
     1.1823E-02    -9.8035E-13     9.9790E-12     3.9870E-02    -5.7010E-02
     2.9560E-13     7.9522E-03     1.4071E-03     3.2571E-12    -6.2264E-12
    -1.1124E-02     2.5863E-03    -1.3883E-02    -3.4723E-02     5.1928E-02
     1.0605E-02     1.0294E-03     9.5876E-03     3.7763E-02    -5.3424E-02
    -1.1233E-03     8.5712E-03    -8.3549E-04    -3.2592E-03     5.9260E-03
    -4.8153E-03    -1.9196E-03     9.2834E-03    -1.5690E-02     2.3313E-02
     4.2388E-03     5.3954E-04    -7.2014E-03     1.5426E-02    -2.3661E-02
     9.7305E-04     2.0205E-03     2.7376E-03     2.1474E-03    -2.3215E-03
    -5.9138E-03     3.1841E-13    -3.8246E-12    -1.9031E-02     2.9095E-02
     4.2686E-03    -6.2728E-13     3.3615E-12     1.5752E-02    -2.3464E-02
    -7.0113E-14     1.8794E-03     3.4995E-03     5.0683E-13    -2.6290E-12
    -4.8153E-03     1.9196E-03    -9.2834E-03    -1.5690E-02     2.3313E-02
     4.2388E-03    -5.3954E-04     7.2014E-03     1.5426E-02    -2.3661E-02
    -9.7305E-04     2.0205E-03     2.7376E-03    -2.1474E-03     2.3215E-03
    -6.0150E-03    -4.7642E-12     6.9777E-12     1.7159E-02     8.6109E-03
         0.9313     1.7382E-11     1.1696E-10        -0.2813         0.1291
     6.8574E-11         0.4598        -0.5082     9.0956E-11     1.3663E-11
        -0.1395    -1.0347E-11     1.6544E-11         0.3159         0.2202
         0.9316     1.9543E-11     1.2385E-10        -0.2920     9.6396E-02
     5.1500E-11         0.6282    -2.8547E-02     2.6586E-12     3.3045E-11
        -0.2057    -1.3713E-11     2.1379E-11         0.4886         0.4181
         0.9316     2.0497E-11     1.2781E-10        -0.2831         0.1316
     4.3064E-11         0.7139         0.2170    -4.2754E-11     5.3547E-11
        -0.2715    -1.6862E-11     2.5918E-11         0.6491         0.5759
         0.9318     2.1003E-11     1.2929E-10        -0.2939     9.2184E-02
     3.4643E-11         0.7987         0.4608    -8.7585E-11     7.4901E-11
        -0.3377    -2.0256E-11     3.1114E-11         0.8282         0.8007
         0.9316     2.1161E-11     1.3063E-10        -0.2834         0.1330
     2.6238E-11         0.8853         0.7102    -1.3516E-10     9.7739E-11
     6.1895E-04    -1.0356E-02     1.8568E-02     3.1350E-03     7.0599E-03
     4.0098E-02    -6.0048E-03    -2.4751E-02         0.1257        -0.1610
    -8.8188E-05     2.1858E-02    -4.0963E-02     3.2430E-05    -3.7607E-04
     6.1895E-04     1.0356E-02    -1.8568E-02     3.1350E-03     7.0599E-03
     4.0098E-02     6.0048E-03     2.4751E-02         0.1257        -0.1610
     8.8188E-05     2.1858E-02    -4.0963E-02    -3.2430E-05     3.7607E-04
     1.4320E-03    -1.9233E-12    -4.7535E-12     5.0204E-03    -4.8324E-03
     4.1670E-02    -4.9413E-12     3.4725E-11         0.1270        -0.1624
     5.8982E-13     2.1018E-02    -4.0280E-02     1.6188E-11    -1.2657E-11
    -2.6533E-04    -6.7336E-03     1.1463E-02     9.6409E-04     5.3339E-03
     2.2553E-02    -2.9510E-03    -1.4186E-02     7.5049E-02        -0.1005
    -4.4291E-04     1.3099E-02    -2.2424E-02    -3.9065E-04    -8.1476E-04
    -2.6533E-04     6.7336E-03    -1.1463E-02     9.6409E-04     5.3339E-03
     2.2553E-02     2.9510E-03     1.4186E-02     7.5049E-02        -0.1005
     4.4291E-04     1.3099E-02    -2.2424E-02     3.9065E-04     8.1476E-04
    -8.6350E-05     1.2429E-12    -5.3411E-14     3.2418E-04     1.1449E-02
     2.3001E-02    -3.0110E-12     2.0629E-11     7.5757E-02        -0.1004
     4.2795E-13     1.3450E-02    -2.2336E-02     9.9117E-12    -7.9243E-12
     1.0824E-04    -6.1141E-03     1.0759E-02     1.4096E-03     4.8612E-03
     1.0808E-02    -1.9340E-03    -9.6632E-03     3.9001E-02    -5.4671E-02
    -2.0983E-06     6.3453E-03    -1.2446E-02    -1.3638E-04    -7.7860E-04
     1.0824E-04     6.1141E-03    -1.0759E-02     1.4096E-03     4.8612E-03
     1.0808E-02     1.9340E-03     9.6632E-03     3.9001E-02    -5.4671E-02
     2.0983E-06     6.3453E-03    -1.2446E-02     1.3638E-04     7.7860E-04
     6.8561E-05    -1.1009E-12     8.9079E-13     1.6115E-03     1.9770E-03
     1.1529E-02    -1.3978E-12     1.0703E-11     4.0597E-02    -5.6835E-02
     4.0361E-14     5.1949E-03    -1.0926E-02     4.5256E-12    -4.0471E-12
    -3.0622E-05    -1.5268E-03     2.6678E-03     2.8197E-04     8.8934E-04
     2.1052E-03    -5.3938E-04    -2.8332E-03     8.7349E-03    -1.3315E-02
    -6.3928E-05     1.8089E-03    -3.0170E-03    -1.6164E-04    -2.0156E-04
    -3.0622E-05     1.5268E-03    -2.6678E-03     2.8197E-04     8.8934E-04
     2.1052E-03     5.3938E-04     2.8332E-03     8.7349E-03    -1.3315E-02
     6.3928E-05     1.8089E-03    -3.0170E-03     1.6164E-04     2.0156E-04
    -1.9481E-05     6.0062E-13    -7.5736E-13     3.0342E-04     1.6291E-03
     2.1033E-03    -2.4885E-13     2.3272E-12     8.3987E-03    -1.2310E-02
     8.5800E-14     1.9254E-03    -2.9804E-03     1.5064E-12    -1.4300E-12
