  1.796874999999995e-06
  3.593749999999992e-06
  1.796874999999996e-06
  3.593749999999998e-06
  7.187499999999997e-06
  3.593749999999999e-06
  1.796875000000002e-06
  3.593750000000005e-06
  1.796875000000003e-06
  3.593749999999998e-06
  7.187499999999998e-06
  3.593749999999999e-06
  7.187500000000005e-06
  1.437500000000001e-05
  7.187500000000007e-06
  3.593750000000006e-06
  7.187500000000013e-06
  3.593750000000007e-06
  3.593750000000007e-06
  7.187500000000012e-06
  3.593750000000005e-06
  7.187500000000014e-06
  1.437500000000002e-05
  7.187500000000009e-06
  3.593750000000007e-06
  7.187500000000010e-06
  3.593750000000004e-06
  3.593750000000003e-06
  7.187500000000005e-06
  3.593750000000001e-06
  7.187500000000011e-06
  1.437500000000001e-05
  7.187500000000003e-06
  3.593750000000008e-06
  7.187500000000010e-06
  3.593750000000002e-06
  3.593749999999993e-06
  7.187499999999988e-06
  3.593749999999994e-06
  7.187499999999997e-06
  1.437499999999999e-05
  7.187499999999995e-06
  3.593750000000004e-06
  7.187500000000005e-06
  3.593750000000001e-06
  3.593749999999998e-06
  7.187499999999998e-06
  3.593749999999999e-06
  7.187500000000002e-06
  1.437500000000000e-05
  7.187499999999999e-06
  3.593750000000004e-06
  7.187500000000003e-06
  3.593749999999999e-06
  3.593750000000001e-06
  7.187500000000004e-06
  3.593750000000003e-06
  7.187500000000005e-06
  1.437500000000000e-05
  7.187499999999999e-06
  3.593750000000004e-06
  7.187500000000000e-06
  3.593749999999997e-06
  3.593750000000000e-06
  7.187499999999999e-06
  3.593749999999998e-06
  7.187500000000002e-06
  1.437500000000000e-05
  7.187499999999993e-06
  3.593750000000002e-06
  7.187499999999999e-06
  3.593749999999997e-06
  3.593750000000004e-06
  7.187500000000002e-06
  3.593749999999999e-06
  7.187500000000007e-06
  1.437500000000001e-05
  7.187499999999999e-06
  3.593750000000004e-06
  7.187500000000004e-06
  3.593750000000001e-06
  3.593749999999999e-06
  7.187499999999999e-06
  3.593750000000000e-06
  7.187500000000003e-06
  1.437500000000001e-05
  7.187500000000000e-06
  3.593750000000004e-06
  7.187500000000004e-06
  3.593750000000001e-06
  3.593749999999997e-06
  7.187499999999994e-06
  3.593749999999998e-06
  7.187500000000001e-06
  1.437500000000000e-05
  7.187500000000002e-06
  3.593750000000005e-06
  7.187500000000008e-06
  3.593750000000003e-06
  3.593750000000001e-06
  7.187500000000007e-06
  3.593750000000006e-06
  7.187500000000008e-06
  1.437500000000002e-05
  7.187500000000016e-06
  3.593750000000007e-06
  7.187500000000016e-06
  3.593750000000009e-06
  3.593750000000004e-06
  7.187500000000010e-06
  3.593750000000007e-06
  7.187500000000008e-06
  1.437500000000002e-05
  7.187500000000014e-06
  3.593750000000004e-06
  7.187500000000012e-06
  3.593750000000007e-06
  3.593750000000000e-06
  7.187499999999999e-06
  3.593749999999999e-06
  7.187499999999999e-06
  1.437500000000000e-05
  7.187500000000001e-06
  3.593749999999999e-06
  7.187500000000002e-06
  3.593750000000002e-06
  3.593749999999998e-06
  7.187499999999997e-06
  3.593749999999998e-06
  7.187499999999999e-06
  1.437500000000000e-05
  7.187499999999999e-06
  3.593750000000001e-06
  7.187500000000002e-06
  3.593750000000001e-06
  3.593750000000000e-06
  7.187499999999999e-06
  3.593750000000000e-06
  7.187500000000002e-06
  1.437500000000000e-05
  7.187500000000003e-06
  3.593750000000002e-06
  7.187500000000005e-06
  3.593750000000003e-06
  3.593750000000001e-06
  7.187500000000001e-06
  3.593750000000001e-06
  7.187500000000005e-06
  1.437500000000001e-05
  7.187500000000005e-06
  3.593750000000004e-06
  7.187500000000008e-06
  3.593750000000004e-06
  3.593749999999999e-06
  7.187499999999999e-06
  3.593749999999999e-06
  7.187500000000000e-06
  1.437500000000000e-05
  7.187500000000000e-06
  3.593750000000001e-06
  7.187500000000002e-06
  3.593750000000001e-06
  3.593750000000001e-06
  7.187500000000001e-06
  3.593749999999999e-06
  7.187500000000003e-06
  1.437500000000000e-05
  7.187499999999999e-06
  3.593750000000001e-06
  7.187500000000001e-06
  3.593750000000000e-06
  3.593749999999999e-06
  7.187499999999996e-06
  3.593749999999997e-06
  7.187499999999999e-06
  1.437499999999999e-05
  7.187499999999995e-06
  3.593750000000000e-06
  7.187499999999999e-06
  3.593749999999999e-06
  3.593750000000001e-06
  7.187500000000003e-06
  3.593750000000002e-06
  7.187500000000003e-06
  1.437500000000001e-05
  7.187500000000002e-06
  3.593750000000002e-06
  7.187500000000003e-06
  3.593750000000001e-06
  3.593750000000002e-06
  7.187500000000005e-06
  3.593750000000003e-06
  7.187500000000004e-06
  1.437500000000001e-05
  7.187500000000005e-06
  3.593750000000002e-06
  7.187500000000005e-06
  3.593750000000003e-06
  3.593750000000001e-06
  7.187500000000002e-06
  3.593750000000001e-06
  7.187500000000001e-06
  1.437500000000000e-05
  7.187500000000002e-06
  3.593750000000000e-06
  7.187500000000001e-06
  3.593750000000001e-06
  3.593750000000002e-06
  7.187500000000003e-06
  3.593750000000002e-06
  7.187500000000003e-06
  1.437500000000001e-05
  7.187500000000002e-06
  3.593750000000002e-06
  7.187500000000002e-06
  3.593750000000000e-06
  3.593750000000001e-06
  7.187500000000001e-06
  3.593750000000001e-06
  7.187500000000001e-06
  1.437500000000000e-05
  7.187500000000000e-06
  3.593750000000001e-06
  7.187500000000000e-06
  3.593750000000000e-06
  3.593750000000001e-06
  7.187500000000002e-06
  3.593750000000001e-06
  7.187500000000002e-06
  1.437500000000000e-05
  7.187500000000001e-06
  3.593750000000001e-06
  7.187500000000002e-06
  3.593750000000001e-06
  3.593750000000002e-06
  7.187500000000003e-06
  3.593750000000001e-06
  7.187500000000003e-06
  1.437500000000000e-05
  7.187500000000003e-06
  3.593750000000001e-06
  7.187500000000002e-06
  3.593750000000001e-06
  3.593750000000001e-06
  7.187500000000001e-06
  3.593750000000001e-06
  7.187500000000001e-06
  1.437500000000000e-05
  7.187500000000000e-06
  3.593750000000001e-06
  7.187500000000000e-06
  3.593750000000000e-06
  3.593750000000001e-06
  7.187500000000002e-06
  3.593750000000001e-06
  7.187500000000001e-06
  1.437500000000000e-05
  7.187500000000001e-06
  3.593750000000001e-06
  7.187500000000000e-06
  3.593750000000001e-06
  3.593750000000001e-06
  7.187500000000002e-06
  3.593750000000001e-06
  7.187500000000001e-06
  1.437500000000000e-05
  7.187500000000001e-06
  3.593750000000001e-06
  7.187500000000000e-06
  3.593750000000001e-06
  3.593750000000001e-06
  7.187500000000001e-06
  3.593750000000000e-06
  7.187500000000001e-06
  1.437500000000000e-05
  7.187500000000001e-06
  3.593750000000001e-06
  7.187500000000000e-06
  3.593750000000001e-06
  3.593750000000001e-06
  7.187500000000001e-06
  3.593750000000000e-06
  7.187500000000001e-06
  1.437500000000000e-05
  7.187500000000001e-06
  3.593750000000001e-06
  7.187500000000000e-06
  3.593750000000001e-06
  3.593750000000001e-06
  7.187500000000001e-06
  3.593750000000001e-06
  7.187500000000002e-06
  1.437500000000000e-05
  7.187500000000002e-06
  3.593750000000001e-06
  7.187500000000003e-06
  3.593750000000001e-06
  3.593750000000000e-06
  7.187500000000000e-06
  3.593750000000000e-06
  7.187500000000000e-06
  1.437500000000000e-05
  7.187500000000000e-06
  3.593750000000000e-06
  7.187500000000001e-06
  3.593750000000001e-06
  3.593750000000001e-06
  7.187500000000002e-06
  3.593750000000001e-06
  7.187500000000001e-06
  1.437500000000000e-05
  7.187500000000002e-06
  3.593750000000000e-06
  7.187500000000001e-06
  3.593750000000001e-06
  3.593750000000000e-06
  7.187500000000002e-06
  3.593750000000002e-06
  7.187500000000002e-06
  1.437500000000001e-05
  7.187500000000004e-06
  3.593750000000001e-06
  7.187500000000004e-06
  3.593750000000002e-06
  3.593749999999999e-06
  7.187499999999999e-06
  3.593749999999999e-06
  7.187499999999999e-06
  1.437500000000000e-05
  7.187499999999999e-06
  3.593749999999999e-06
  7.187499999999999e-06
  3.593750000000000e-06
  3.593749999999999e-06
  7.187499999999998e-06
  3.593749999999998e-06
  7.187499999999999e-06
  1.437500000000000e-05
  7.187499999999997e-06
  3.593749999999998e-06
  7.187499999999997e-06
  3.593749999999998e-06
  3.593749999999998e-06
  7.187499999999997e-06
  3.593749999999998e-06
  7.187499999999998e-06
  1.437499999999999e-05
  7.187499999999998e-06
  3.593749999999999e-06
  7.187499999999998e-06
  3.593749999999999e-06
  3.593750000000001e-06
  7.187500000000001e-06
  3.593750000000000e-06
  7.187500000000003e-06
  1.437500000000000e-05
  7.187500000000002e-06
  3.593750000000001e-06
  7.187500000000004e-06
  3.593750000000002e-06
  3.593750000000001e-06
  7.187500000000005e-06
  3.593750000000004e-06
  7.187500000000002e-06
  1.437500000000001e-05
  7.187500000000005e-06
  3.593750000000000e-06
  7.187500000000002e-06
  3.593750000000002e-06
  3.593750000000000e-06
  7.187500000000002e-06
  3.593750000000002e-06
  7.187499999999999e-06
  1.437500000000000e-05
  7.187500000000003e-06
  3.593749999999999e-06
  7.187500000000000e-06
  3.593750000000001e-06
  3.593750000000003e-06
  7.187500000000005e-06
  3.593750000000002e-06
  7.187500000000002e-06
  1.437500000000000e-05
  7.187500000000002e-06
  3.593750000000000e-06
  7.187499999999999e-06
  3.593750000000000e-06
  3.593750000000002e-06
  7.187500000000002e-06
  3.593750000000000e-06
  7.187499999999999e-06
  1.437499999999999e-05
  7.187499999999996e-06
  3.593749999999996e-06
  7.187499999999993e-06
  3.593749999999996e-06
  3.593750000000001e-06
  7.187500000000003e-06
  3.593750000000001e-06
  7.187499999999998e-06
  1.437500000000000e-05
  7.187499999999999e-06
  3.593749999999997e-06
  7.187499999999993e-06
  3.593749999999997e-06
  3.593750000000001e-06
  7.187500000000002e-06
  3.593750000000001e-06
  7.187499999999999e-06
  1.437500000000000e-05
  7.187499999999999e-06
  3.593749999999998e-06
  7.187499999999997e-06
  3.593749999999998e-06
  3.593749999999998e-06
  7.187499999999996e-06
  3.593749999999998e-06
  7.187499999999996e-06
  1.437499999999999e-05
  7.187499999999996e-06
  3.593749999999998e-06
  7.187499999999995e-06
  3.593749999999998e-06
  3.593749999999998e-06
  7.187499999999995e-06
  3.593749999999997e-06
  7.187499999999998e-06
  1.437499999999999e-05
  7.187499999999995e-06
  3.593749999999999e-06
  7.187499999999998e-06
  3.593749999999998e-06
  3.593750000000005e-06
  7.187500000000006e-06
  3.593750000000000e-06
  7.187500000000007e-06
  1.437500000000000e-05
  7.187499999999999e-06
  3.593750000000001e-06
  7.187500000000000e-06
  3.593749999999999e-06
  3.593750000000007e-06
  7.187500000000010e-06
  3.593750000000003e-06
  7.187500000000007e-06
  1.437500000000001e-05
  7.187500000000005e-06
  3.593750000000000e-06
  7.187500000000000e-06
  3.593750000000001e-06
  3.593749999999998e-06
  7.187499999999996e-06
  3.593749999999998e-06
  7.187499999999993e-06
  1.437499999999999e-05
  7.187499999999996e-06
  3.593749999999995e-06
  7.187499999999993e-06
  3.593749999999998e-06
  3.593749999999996e-06
  7.187499999999997e-06
  3.593750000000000e-06
  7.187499999999990e-06
  1.437499999999999e-05
  7.187499999999995e-06
  3.593749999999993e-06
  7.187499999999989e-06
  3.593749999999995e-06
  3.593750000000005e-06
  7.187500000000010e-06
  3.593750000000005e-06
  7.187500000000005e-06
  1.437500000000001e-05
  7.187500000000006e-06
  3.593749999999999e-06
  7.187500000000000e-06
  3.593750000000001e-06
  3.593750000000004e-06
  7.187500000000004e-06
  3.593750000000001e-06
  7.187500000000004e-06
  1.437500000000001e-05
  7.187500000000008e-06
  3.593750000000001e-06
  7.187500000000007e-06
  3.593750000000007e-06
  3.593750000000003e-06
  7.187500000000005e-06
  3.593750000000004e-06
  7.187500000000001e-06
  1.437500000000001e-05
  7.187500000000012e-06
  3.593749999999998e-06
  7.187500000000007e-06
  3.593750000000009e-06
  3.593750000000008e-06
  7.187500000000015e-06
  3.593750000000007e-06
  7.187500000000004e-06
  1.437500000000001e-05
  7.187500000000007e-06
  3.593749999999996e-06
  7.187499999999997e-06
  3.593750000000001e-06
  3.593750000000001e-06
  7.187500000000002e-06
  3.593750000000001e-06
  7.187499999999992e-06
  1.437499999999999e-05
  7.187499999999997e-06
  3.593749999999991e-06
  7.187499999999987e-06
  3.593749999999996e-06
  3.593749999999994e-06
  7.187499999999988e-06
  3.593749999999994e-06
  7.187499999999986e-06
  1.437499999999998e-05
  7.187499999999990e-06
  3.593749999999992e-06
  7.187499999999988e-06
  3.593749999999996e-06
  3.593749999999999e-06
  7.187499999999999e-06
  3.593749999999999e-06
  7.187499999999994e-06
  1.437499999999999e-05
  7.187499999999993e-06
  3.593749999999995e-06
  7.187499999999990e-06
  3.593749999999995e-06
  3.593750000000008e-06
  7.187500000000016e-06
  3.593750000000008e-06
  7.187500000000005e-06
  1.437500000000001e-05
  7.187500000000005e-06
  3.593749999999997e-06
  7.187499999999993e-06
  3.593749999999997e-06
  1.796875000000004e-06
  3.593750000000009e-06
  1.796875000000004e-06
  3.593750000000003e-06
  7.187500000000005e-06
  3.593750000000003e-06
  1.796874999999998e-06
  3.593749999999997e-06
  1.796874999999998e-06
