  2.393118773885549e+05
  2.393118778799550e+05
  1.215521537540625e+05
  1.215521535044688e+05
  4.764259398885547e+05
  4.764259403799550e+05
  7.173324325081247e+05
  7.173324320089370e+05
  3.586662162540623e+05
  3.586662160044685e+05
  8.420448694068715e+05
  8.420448691637671e+05
  3.618265490743921e+05
  3.618265493174964e+05
  1.177597676428616e+05
  1.177597678846681e+05
  1.177597678846678e+05
  1.177597676428614e+05
  1.216395166707545e+05
  1.216395166707545e+05
  1.216395164336405e+05
  1.216395164336405e+05
  2.463520034882510e+05
  2.463520034882510e+05
  2.463520030080326e+05
  2.463520030080327e+05
  8.300644306072599e+05
  8.300644303641554e+05
  3.558363053641555e+05
  2.432790328672813e+05
  2.432790328672812e+05
  2.432790333415095e+05
  2.432790333415094e+05
  3.558363056072599e+05
  1.185665186735420e+05
  1.185665186735419e+05
  1.185665189046658e+05
  1.185665189046658e+05
  4.786237552685099e+05
  2.431043075081250e+05
  2.431043072585313e+05
  2.431043070089375e+05
  7.095728471641149e+05
  9.481067983082717e+05
  4.740533991541358e+05
  2.431043070089376e+05
  4.786237547771101e+05
  2.431043075081251e+05
  4.786237557599103e+05
  6.986817255780716e+05
  2.309490918956049e+05
  4.742281249999999e+05
  4.742281250000004e+05
  4.742281250000005e+05
  4.742281249999997e+05
  4.742281249999996e+05
  4.742281250000000e+05
  4.742281250000007e+05
  4.742281250000000e+05
  4.742281249999992e+05
  9.484562499999988e+05
  9.484562500000004e+05
  9.484562500000011e+05
  9.484562499999998e+05
  9.484562499999991e+05
  9.484562499999992e+05
  9.484562500000009e+05
  9.484562500000007e+05
  9.484562499999999e+05
  4.742281249999997e+05
  4.742281250000003e+05
  4.742281250000005e+05
  4.742281249999999e+05
  4.742281249999994e+05
  4.742281249999994e+05
  4.742281250000005e+05
  4.742281250000004e+05
  4.742281249999999e+05
  9.484562499999999e+05
  9.484562500000007e+05
  9.484562500000011e+05
  9.484562499999994e+05
  9.484562499999990e+05
  9.484562499999999e+05
  9.484562500000009e+05
  9.484562500000002e+05
  9.484562499999988e+05
  2.355195355275297e+05
  2.355195357693359e+05
  2.355195355275292e+05
  2.355195352857229e+05
  2.355194915269475e+05
  2.355194477681722e+05
  2.355194453371291e+05
  2.355194453371290e+05
  2.355194453371295e+05
  2.355194453371295e+05
  2.355194477681726e+05
  2.355194915269478e+05
  2.355194458207418e+05
  2.355194458207419e+05
  2.355194482517849e+05
  2.355194920105603e+05
  2.355194920105608e+05
  2.355194482517855e+05
  2.355194458207424e+05
  2.355194458207423e+05
  2.432790333415090e+05
  2.432790328672809e+05
  2.432790333415091e+05
  2.432790333415095e+05
  2.432790333415096e+05
  2.432790333415092e+05
  2.432790333415091e+05
  2.432790333415092e+05
  2.432790333415096e+05
  2.432790333415095e+05
  2.432790333415094e+05
  2.432790333415091e+05
  2.432790333415094e+05
  2.432790333415095e+05
  2.432790333415092e+05
  2.432790333415091e+05
  2.432790333415094e+05
  2.432790333415098e+05
  2.432790333415095e+05
  2.432790333415094e+05
  2.432790328672810e+05
  2.432790328672813e+05
  2.432790328672814e+05
  2.432790328672811e+05
  2.432790328672810e+05
  2.432790328672811e+05
  2.432790328672815e+05
  2.432790328672814e+05
  2.432790328672812e+05
  2.432790328672810e+05
  2.432790328672812e+05
  2.432790328672814e+05
  2.432790328672811e+05
  2.432790328672810e+05
  2.432790328672812e+05
  2.432790328672817e+05
  2.432790328672814e+05
  2.432790328672812e+05
  4.927040069765019e+05
  4.802183200893750e+05
  4.677326336824666e+05
  4.802183200893750e+05
  4.927040060160653e+05
  7.356336398678817e+05
  7.356334888137432e+05
  7.356337833693133e+05
  7.356337833693128e+05
  2.494250735074376e+05
  2.494250735074377e+05
  2.494249736349927e+05
  2.494250248516312e+05
  7.356336393816728e+05
  7.356334883275346e+05
  7.356337828831043e+05
  7.356337828831038e+05
  2.494250730212290e+05
  2.494250730212292e+05
  2.494249731487842e+05
  2.494250243654226e+05
  2.494250248516311e+05
  2.494249736349927e+05
  2.494250735074381e+05
  2.494250735074379e+05
  2.494250248516312e+05
  2.494249736349928e+05
  2.494250735074380e+05
  2.494250735074378e+05
  2.494250730212291e+05
  2.494250730212294e+05
  2.494249731487842e+05
  2.494250243654225e+05
  2.494250243654226e+05
  2.494249731487842e+05
  2.494250730212294e+05
  2.494250730212290e+05
  6.870127285538341e+05
  4.865580657345626e+05
  4.742281250000001e+05
  4.618981837912094e+05
  4.742281250000001e+05
  4.865580666830188e+05
  2.251145447626248e+05
  2.371330413691401e+05
  2.371330674896257e+05
  2.371330301014797e+05
  2.371330275782852e+05
  2.371330280405328e+05
  2.371330305637273e+05
  2.371330679518733e+05
  2.371330418313878e+05
  2.371330413691402e+05
  2.371330674896256e+05
  2.371330301014796e+05
  2.371330275782852e+05
  2.371330280405328e+05
  2.371330305637273e+05
  2.371330679518733e+05
  2.371330418313878e+05
  2.371330373470839e+05
  2.311238135717423e+05
  2.251145895652769e+05
  2.311238135717424e+05
  2.371330378093316e+05
  2.311238135717423e+05
  2.251145895652769e+05
  2.311238135717423e+05
  4.862086145170625e+05
  4.862086140178753e+05
  4.862086150162502e+05
  9.572475105370203e+05
  4.862086145170627e+05
  9.237963675824185e+05
  9.237963675824190e+05
  9.237963675824198e+05
  9.237963675824183e+05
  9.237963675824178e+05
  9.237963675824184e+05
  9.237963675824195e+05
  9.237963675824187e+05
  9.237963675824177e+05
  4.618981837912093e+05
  4.618981837912097e+05
  4.618981837912098e+05
  4.618981837912090e+05
  4.618981837912088e+05
  4.618981837912094e+05
  4.618981837912100e+05
  4.618981837912095e+05
  4.618981837912088e+05
  4.710390710550588e+05
  4.710388906742585e+05
  4.710388906742586e+05
  4.710388955363447e+05
  4.710389830538952e+05
  4.710388916414842e+05
  4.710388916414843e+05
  4.710388965035705e+05
  4.710389840211211e+05
  4.710388911578718e+05
  4.710388911578719e+05
  4.710388960199581e+05
  4.710389835375086e+05
  4.710388911578708e+05
  4.710388911578710e+05
  4.710388960199571e+05
  4.710389835375077e+05
  4.865580666830182e+05
  4.865580666830189e+05
  4.865580666830191e+05
  4.865580666830184e+05
  4.865580666830182e+05
  4.865580666830186e+05
  4.865580666830195e+05
  4.865580666830190e+05
  4.865580666830187e+05
  4.742281249999996e+05
  4.618981837912090e+05
  4.742281249999994e+05
  4.742281250000002e+05
  4.618981837912095e+05
  4.742281250000001e+05
  4.742281250000005e+05
  4.618981837912098e+05
  4.742281250000006e+05
  4.742281249999998e+05
  4.618981837912093e+05
  4.742281249999999e+05
  4.742281249999994e+05
  4.618981837912088e+05
  4.742281249999995e+05
  4.742281249999997e+05
  4.618981837912091e+05
  4.742281249999995e+05
  4.742281250000008e+05
  4.618981837912100e+05
  4.742281250000005e+05
  4.742281250000002e+05
  4.618981837912096e+05
  4.742281250000004e+05
  4.742281249999999e+05
  4.618981837912093e+05
  4.742281249999999e+05
  4.865580657345620e+05
  4.865580657345625e+05
  4.865580657345628e+05
  4.865580657345622e+05
  4.865580657345620e+05
  4.865580657345624e+05
  4.865580657345632e+05
  4.865580657345628e+05
  4.865580657345624e+05
  4.735672731950833e+05
  4.735672731950836e+05
  4.735670835737241e+05
  4.735671808154469e+05
  4.862087098618753e+05
  4.735672731950835e+05
  4.862087098618751e+05
  4.862087098618757e+05
  4.735672731950840e+05
  4.862087098618754e+05
  4.862085151787505e+05
  4.735670835737242e+05
  4.862085151787505e+05
  4.862086150162502e+05
  4.735671808154468e+05
  4.862086150162502e+05
  4.988501470148757e+05
  4.988501470148761e+05
  4.988499472699855e+05
  4.988500497032623e+05
  4.988501460424581e+05
  4.988501460424585e+05
  4.988499462975684e+05
  4.988500487308451e+05
  4.622476271434846e+05
  4.622476271434847e+05
  4.502291791305539e+05
  4.622476349837500e+05
  4.502291867669722e+05
  4.622476349837501e+05
  4.622476859008748e+05
  4.502292363602507e+05
  4.622476859008748e+05
  4.622476130195000e+05
  4.502291653737931e+05
  4.622476130195000e+05
  4.622476081009925e+05
  4.502291605831668e+05
  4.622476081009924e+05
  4.742660827382803e+05
  4.742661349792513e+05
  4.742660602029593e+05
  4.742660551565704e+05
  4.742660836627755e+05
  4.742661359037466e+05
  4.742660611274546e+05
  4.742660560810656e+05
  4.622476349837501e+05
  4.502291867669722e+05
  4.622476349837501e+05
  4.622476859008748e+05
  4.502292363602507e+05
  4.622476859008748e+05
  4.622476130195000e+05
  4.502291653737932e+05
  4.622476130195000e+05
  4.622476081009924e+05
  4.502291605831669e+05
  4.622476081009925e+05
  9.724172290341255e+05
  9.420777823157426e+05
  9.420777823157429e+05
  9.420777920399152e+05
  9.420779670750164e+05
  9.244952699675001e+05
  9.244952699675000e+05
  9.004583735339445e+05
  9.244953718017496e+05
  9.244953718017498e+05
  9.004584727205014e+05
  9.244952260390001e+05
  9.244952260390000e+05
  9.004583307475862e+05
  9.244952162019847e+05
  9.244952162019848e+05
  9.004583211663335e+05
