  1.317714906863028e-06
  1.636849437221751e-06
  1.758973387261678e-06
  1.572415695163966e-06
  1.377838138493725e-06
  1.317870013857155e-06
  1.344608014448928e-06
  1.526718003151469e-06
  1.912743753704228e-06
  1.903003989343078e-06
  1.492589319398318e-06
  1.584433234868124e-06
  1.573614431245020e-06
  1.503355086717347e-06
  1.501696310327829e-06
  1.503355087087916e-06
  3.774165598531627e-07
  3.620518208964377e-07
  6.753718922539486e-07
  6.880522113570536e-07
  3.719704255505184e-07
  3.892983894040056e-07
  4.305947863669881e-07
  4.015676630778200e-07
  6.533839443581142e-07
  3.590463592632187e-07
  3.235277016321884e-07
  4.258923202805628e-07
  6.896310972340368e-07
  5.058318349590821e-07
  4.333002578539968e-07
  4.441590116493956e-07
  4.937415410776575e-07
  4.593377795483319e-07
  3.174111552234760e-07
  1.952481635397557e-07
  2.742438997767059e-07
  3.800079547154332e-07
  4.229802904916672e-07
  4.362518538507812e-07
  1.034188439337100e-06
  2.046658095221517e-06
  1.238712646446590e-06
  1.853618605958116e-06
  1.241007044051893e-06
  1.238712646590256e-06
  1.817580457009237e-06
  7.202409987710907e-07
  2.255435425688417e-06
  1.811999740114500e-06
  1.985022196642716e-06
  2.053436772836845e-06
  1.541445564485148e-06
  1.156899953654632e-06
  1.121026933765251e-06
  1.367413135775653e-06
  1.571920411392828e-06
  1.430237556579842e-06
  1.427786845653396e-06
  1.571410409794687e-06
  1.778029550099159e-06
  1.819568081925081e-06
  1.361323862379639e-06
  1.269973259897985e-06
  1.167294163722765e-06
  1.159392785805823e-06
  1.100436461999380e-06
  1.009630343602724e-06
  1.162536366334928e-06
  9.584348797450989e-07
  8.487063956352944e-07
  6.262604128767732e-07
  1.151139620173866e-06
  6.086929037565499e-07
  1.011975492352214e-06
  9.345049800751722e-07
  1.196660879238247e-06
  1.180904454342398e-06
  6.157146076065015e-07
  1.107924065426408e-06
  3.476278942915953e-07
  4.950333847463981e-07
  9.777873363640255e-07
  6.412834574587807e-07
  1.338770389509065e-06
  2.380825717035675e-06
  1.379185648447990e-06
  1.979002812294280e-06
  1.007363643968648e-06
  2.949569293388963e-06
  7.851314289474751e-07
  2.818195660278742e-06
  2.968052880677739e-06
  3.231384022495330e-06
  2.109795359634020e-06
  2.032435690422845e-06
  1.312326249818118e-06
  1.278407838399638e-06
  1.804106771502808e-06
  1.976811626427994e-06
  2.316341120179581e-06
  1.886777241651254e-06
  2.520554764967004e-06
  2.078279211394972e-06
  1.052277969471613e-06
  1.673580402849899e-06
  9.038431286532664e-07
  2.092711703421300e-06
  2.731942317525902e-06
  2.498770316097301e-06
  2.197881140657033e-06
  3.214836931368311e-06
  3.187519914114031e-06
  2.806107870109026e-06
  3.632042462397073e-06
  3.238584342856374e-06
  3.197647524233298e-06
  3.883019698199907e-06
  2.664780736411337e-06
  4.653692415068032e-06
  2.075555285702153e-06
  3.006606426291760e-06
  4.307177761570112e-06
  2.229222611639162e-06
  2.387124684482907e-06
  3.373400741921602e-06
  3.668824630981416e-06
  1.870357933099864e-06
  2.917392262700976e-06
  2.646022898284715e-06
  1.995743253229719e-06
  2.668434202351544e-06
  2.121991925364900e-06
  2.306632590220860e-06
  1.001108105704970e-06
  2.959977290902305e-06
  1.435583727445146e-06
  6.542360336834749e-07
  2.115525510761408e-06
  9.079831611528604e-07
  4.862845653517655e-07
  1.583657348606491e-06
  2.242323002344731e-06
  2.732263369811367e-06
  2.783680672058739e-06
  2.058919046225242e-06
  1.391102169225340e-06
  2.705929179336930e-06
  3.288064356063314e-06
  4.025080975353492e-06
  2.183770545690646e-06
  1.856113893355337e-06
  2.635429813726057e-06
  3.273698874443502e-06
  3.517946774523356e-06
  3.144831390327933e-06
  2.755676276987450e-06
  2.635740027714310e-06
  2.689216028897857e-06
  3.053436006302938e-06
  3.825487507408455e-06
  3.806007978686156e-06
  2.985178638796638e-06
  3.168866469736248e-06
  3.147228862490039e-06
  3.006710173434693e-06
  3.003392620655657e-06
  3.006710174175832e-06
  7.548331197063255e-07
  7.241036417928754e-07
  1.350743784507897e-06
  1.376104422714107e-06
  7.439408511010368e-07
  7.785967788080112e-07
  8.611895727339764e-07
  8.031353261556400e-07
  1.306767888716228e-06
  7.180927185264373e-07
  6.470554032643768e-07
  8.517846405611257e-07
  1.379262194468073e-06
  1.011663669918164e-06
  8.666005157079935e-07
  8.883180232987912e-07
  9.874830821553150e-07
  9.186755590966637e-07
  6.348223104469521e-07
  3.904963270795115e-07
  5.484877995534118e-07
  7.600159094308665e-07
  8.459605809833343e-07
  8.725037077015625e-07
  2.068376878674199e-06
  4.093316190443036e-06
  2.477425292893179e-06
  3.707237211916232e-06
  2.482014088103785e-06
  2.477425293180512e-06
  3.635160914018474e-06
  1.440481997542181e-06
  4.510870851376833e-06
  3.623999480229001e-06
  3.970044393285432e-06
  4.106873545673687e-06
  3.082891128970296e-06
  2.313799907309264e-06
  2.242053867530502e-06
  2.734826271551306e-06
  3.143840822785657e-06
  2.860475113159683e-06
  2.855573691306793e-06
  3.142820819589375e-06
  3.556059100198318e-06
  3.639136163850162e-06
  2.722647724759278e-06
  2.539946519795969e-06
  2.334588327445531e-06
  2.318785571611647e-06
  2.200872923998761e-06
  2.019260687205447e-06
  2.325072732669855e-06
  1.916869759490198e-06
  1.697412791270589e-06
  1.252520825753547e-06
  2.302279240347733e-06
  1.217385807513100e-06
  2.023950984704427e-06
  1.869009960150345e-06
  2.393321758476493e-06
  2.361808908684796e-06
  1.231429215213003e-06
  2.215848130852816e-06
  6.952557885831906e-07
  9.900667694927963e-07
  1.955574672728051e-06
  1.282566914917562e-06
  2.677540779018129e-06
  4.761651434071350e-06
  2.758371296895980e-06
  3.958005624588560e-06
  2.014727287937296e-06
  5.899138586777927e-06
  1.570262857894950e-06
  5.636391320557484e-06
  5.936105761355477e-06
  6.462768044990660e-06
  4.219590719268040e-06
  4.064871380845691e-06
  2.624652499636236e-06
  2.556815676799277e-06
  3.608213543005616e-06
  3.953623252855988e-06
  4.632682240359164e-06
  3.773554483302508e-06
  5.041109529934006e-06
  4.156558422789943e-06
  2.104555938943226e-06
  3.347160805699797e-06
  1.807686257306533e-06
  4.185423406842601e-06
  5.463884635051803e-06
  4.997540632194602e-06
  4.395762281314066e-06
  6.429673862736623e-06
  6.375039828228063e-06
  5.612215740218053e-06
  7.264084924794147e-06
  6.477168685712747e-06
  6.395295048466596e-06
  7.766039396399815e-06
  5.329561472822675e-06
  9.307384830136064e-06
  4.151110571404307e-06
  6.013212852583521e-06
  8.614355523140224e-06
  4.458445223278324e-06
  4.774249368965814e-06
  6.746801483843207e-06
  7.337649261962833e-06
  3.740715866199728e-06
  5.834784525401953e-06
  5.292045796569431e-06
  3.991486506459437e-06
  5.336868404703086e-06
  4.243983850729799e-06
  4.613265180441719e-06
  2.002216211409940e-06
  5.919954581804609e-06
  2.871167454890292e-06
  1.308472067366950e-06
  4.231051021522818e-06
  1.815966322305721e-06
  9.725691307035310e-07
  3.167314697212982e-06
  4.484646004689461e-06
  5.464526739622734e-06
  5.567361344117477e-06
  4.117838092450485e-06
  2.782204338450679e-06
  5.411858358673859e-06
  6.576128712126628e-06
  8.050161950706984e-06
  4.367541091381293e-06
  3.712227786710674e-06
  2.635429813726057e-06
  3.273698874443502e-06
  3.517946774523356e-06
  3.144831390327933e-06
  2.755676276987450e-06
  2.635740027714310e-06
  2.689216028897857e-06
  3.053436006302938e-06
  3.825487507408455e-06
  3.806007978686157e-06
  2.985178638796638e-06
  3.168866469736248e-06
  3.147228862490039e-06
  3.006710173434693e-06
  3.003392620655657e-06
  3.006710174175832e-06
  7.548331197063255e-07
  7.241036417928754e-07
  1.350743784507897e-06
  1.376104422714108e-06
  7.439408511010368e-07
  7.785967788080113e-07
  8.611895727339767e-07
  8.031353261556402e-07
  1.306767888716228e-06
  7.180927185264373e-07
  6.470554032643768e-07
  8.517846405611257e-07
  1.379262194468073e-06
  1.011663669918164e-06
  8.666005157079935e-07
  8.883180232987911e-07
  9.874830821553153e-07
  9.186755590966638e-07
  6.348223104469523e-07
  3.904963270795116e-07
  5.484877995534118e-07
  7.600159094308665e-07
  8.459605809833343e-07
  8.725037077015625e-07
  2.068376878674199e-06
  4.093316190443036e-06
  2.477425292893179e-06
  3.707237211916232e-06
  2.482014088103785e-06
  2.477425293180512e-06
  3.635160914018474e-06
  1.440481997542181e-06
  4.510870851376833e-06
  3.623999480229001e-06
  3.970044393285433e-06
  4.106873545673688e-06
  3.082891128970296e-06
  2.313799907309265e-06
  2.242053867530502e-06
  2.734826271551305e-06
  3.143840822785657e-06
  2.860475113159683e-06
  2.855573691306793e-06
  3.142820819589375e-06
  3.556059100198319e-06
  3.639136163850162e-06
  2.722647724759279e-06
  2.539946519795970e-06
  2.334588327445531e-06
  2.318785571611647e-06
  2.200872923998761e-06
  2.019260687205447e-06
  2.325072732669855e-06
  1.916869759490198e-06
  1.697412791270589e-06
  1.252520825753547e-06
  2.302279240347733e-06
  1.217385807513100e-06
  2.023950984704427e-06
  1.869009960150345e-06
  2.393321758476493e-06
  2.361808908684796e-06
  1.231429215213003e-06
  2.215848130852816e-06
  6.952557885831905e-07
  9.900667694927963e-07
  1.955574672728052e-06
  1.282566914917562e-06
  2.677540779018129e-06
  4.761651434071349e-06
  2.758371296895980e-06
  3.958005624588561e-06
  2.014727287937296e-06
  5.899138586777928e-06
  1.570262857894950e-06
  5.636391320557484e-06
  5.936105761355477e-06
  6.462768044990662e-06
  4.219590719268040e-06
  4.064871380845691e-06
  2.624652499636236e-06
  2.556815676799277e-06
  3.608213543005616e-06
  3.953623252855988e-06
  4.632682240359163e-06
  3.773554483302509e-06
  5.041109529934006e-06
  4.156558422789944e-06
  2.104555938943226e-06
  3.347160805699797e-06
  1.807686257306534e-06
  4.185423406842601e-06
  5.463884635051803e-06
  4.997540632194602e-06
  4.395762281314066e-06
  6.429673862736623e-06
  6.375039828228063e-06
  5.612215740218054e-06
  7.264084924794146e-06
  6.477168685712748e-06
  6.395295048466597e-06
  7.766039396399813e-06
  5.329561472822675e-06
  9.307384830136064e-06
  4.151110571404307e-06
  6.013212852583522e-06
  8.614355523140224e-06
  4.458445223278324e-06
  4.774249368965814e-06
  6.746801483843207e-06
  7.337649261962832e-06
  3.740715866199728e-06
  5.834784525401953e-06
  5.292045796569431e-06
  3.991486506459439e-06
  5.336868404703088e-06
  4.243983850729799e-06
  4.613265180441719e-06
  2.002216211409940e-06
  5.919954581804609e-06
  2.871167454890292e-06
  1.308472067366950e-06
  4.231051021522818e-06
  1.815966322305721e-06
  9.725691307035310e-07
  3.167314697212983e-06
  4.484646004689461e-06
  5.464526739622735e-06
  5.567361344117477e-06
  4.117838092450485e-06
  2.782204338450680e-06
  5.411858358673859e-06
  6.576128712126629e-06
  8.050161950706984e-06
  4.367541091381293e-06
  3.712227786710673e-06
  2.635429813726056e-06
  3.273698874443502e-06
  3.517946774523356e-06
  3.144831390327933e-06
  2.755676276987450e-06
  2.635740027714310e-06
  2.689216028897857e-06
  3.053436006302938e-06
  3.825487507408456e-06
  3.806007978686157e-06
  2.985178638796637e-06
  3.168866469736248e-06
  3.147228862490039e-06
  3.006710173434693e-06
  3.003392620655658e-06
  3.006710174175832e-06
  7.548331197063255e-07
  7.241036417928753e-07
  1.350743784507897e-06
  1.376104422714108e-06
  7.439408511010367e-07
  7.785967788080112e-07
  8.611895727339765e-07
  8.031353261556400e-07
  1.306767888716228e-06
  7.180927185264373e-07
  6.470554032643767e-07
  8.517846405611258e-07
  1.379262194468073e-06
  1.011663669918164e-06
  8.666005157079935e-07
  8.883180232987911e-07
  9.874830821553153e-07
  9.186755590966637e-07
  6.348223104469522e-07
  3.904963270795115e-07
  5.484877995534118e-07
  7.600159094308664e-07
  8.459605809833343e-07
  8.725037077015625e-07
  2.068376878674199e-06
  4.093316190443036e-06
  2.477425292893179e-06
  3.707237211916232e-06
  2.482014088103785e-06
  2.477425293180512e-06
  3.635160914018474e-06
  1.440481997542181e-06
  4.510870851376833e-06
  3.623999480229001e-06
  3.970044393285432e-06
  4.106873545673687e-06
  3.082891128970296e-06
  2.313799907309264e-06
  2.242053867530502e-06
  2.734826271551306e-06
  3.143840822785656e-06
  2.860475113159683e-06
  2.855573691306793e-06
  3.142820819589374e-06
  3.556059100198318e-06
  3.639136163850162e-06
  2.722647724759279e-06
  2.539946519795970e-06
  2.334588327445531e-06
  2.318785571611647e-06
  2.200872923998760e-06
  2.019260687205447e-06
  2.325072732669855e-06
  1.916869759490198e-06
  1.697412791270589e-06
  1.252520825753547e-06
  2.302279240347733e-06
  1.217385807513100e-06
  2.023950984704427e-06
  1.869009960150345e-06
  2.393321758476493e-06
  2.361808908684796e-06
  1.231429215213003e-06
  2.215848130852816e-06
  6.952557885831906e-07
  9.900667694927963e-07
  1.955574672728052e-06
  1.282566914917562e-06
  2.677540779018129e-06
  4.761651434071349e-06
  2.758371296895980e-06
  3.958005624588561e-06
  2.014727287937296e-06
  5.899138586777928e-06
  1.570262857894950e-06
  5.636391320557484e-06
  5.936105761355478e-06
  6.462768044990660e-06
  4.219590719268040e-06
  4.064871380845691e-06
  2.624652499636236e-06
  2.556815676799277e-06
  3.608213543005616e-06
  3.953623252855987e-06
  4.632682240359163e-06
  3.773554483302509e-06
  5.041109529934006e-06
  4.156558422789944e-06
  2.104555938943226e-06
  3.347160805699797e-06
  1.807686257306533e-06
  4.185423406842601e-06
  5.463884635051803e-06
  4.997540632194602e-06
  4.395762281314066e-06
  6.429673862736623e-06
  6.375039828228063e-06
  5.612215740218052e-06
  7.264084924794146e-06
  6.477168685712748e-06
  6.395295048466597e-06
  7.766039396399813e-06
  5.329561472822675e-06
  9.307384830136066e-06
  4.151110571404307e-06
  6.013212852583521e-06
  8.614355523140224e-06
  4.458445223278324e-06
  4.774249368965814e-06
  6.746801483843208e-06
  7.337649261962831e-06
  3.740715866199728e-06
  5.834784525401952e-06
  5.292045796569430e-06
  3.991486506459438e-06
  5.336868404703088e-06
  4.243983850729799e-06
  4.613265180441717e-06
  2.002216211409940e-06
  5.919954581804609e-06
  2.871167454890292e-06
  1.308472067366950e-06
  4.231051021522819e-06
  1.815966322305721e-06
  9.725691307035310e-07
  3.167314697212982e-06
  4.484646004689461e-06
  5.464526739622734e-06
  5.567361344117477e-06
  4.117838092450485e-06
  2.782204338450679e-06
  5.411858358673859e-06
  6.576128712126629e-06
  8.050161950706983e-06
  4.367541091381292e-06
  3.712227786710673e-06
  1.317714906863029e-06
  1.636849437221751e-06
  1.758973387261678e-06
  1.572415695163966e-06
  1.377838138493725e-06
  1.317870013857155e-06
  1.344608014448928e-06
  1.526718003151469e-06
  1.912743753704228e-06
  1.903003989343079e-06
  1.492589319398319e-06
  1.584433234868124e-06
  1.573614431245019e-06
  1.503355086717346e-06
  1.501696310327828e-06
  1.503355087087916e-06
  3.774165598531627e-07
  3.620518208964377e-07
  6.753718922539486e-07
  6.880522113570537e-07
  3.719704255505183e-07
  3.892983894040056e-07
  4.305947863669882e-07
  4.015676630778200e-07
  6.533839443581141e-07
  3.590463592632187e-07
  3.235277016321883e-07
  4.258923202805628e-07
  6.896310972340367e-07
  5.058318349590821e-07
  4.333002578539968e-07
  4.441590116493955e-07
  4.937415410776575e-07
  4.593377795483318e-07
  3.174111552234760e-07
  1.952481635397558e-07
  2.742438997767059e-07
  3.800079547154332e-07
  4.229802904916671e-07
  4.362518538507813e-07
  1.034188439337100e-06
  2.046658095221518e-06
  1.238712646446589e-06
  1.853618605958116e-06
  1.241007044051892e-06
  1.238712646590256e-06
  1.817580457009237e-06
  7.202409987710905e-07
  2.255435425688416e-06
  1.811999740114500e-06
  1.985022196642716e-06
  2.053436772836843e-06
  1.541445564485148e-06
  1.156899953654632e-06
  1.121026933765251e-06
  1.367413135775653e-06
  1.571920411392828e-06
  1.430237556579841e-06
  1.427786845653397e-06
  1.571410409794687e-06
  1.778029550099159e-06
  1.819568081925081e-06
  1.361323862379639e-06
  1.269973259897984e-06
  1.167294163722765e-06
  1.159392785805824e-06
  1.100436461999380e-06
  1.009630343602723e-06
  1.162536366334927e-06
  9.584348797450987e-07
  8.487063956352943e-07
  6.262604128767732e-07
  1.151139620173866e-06
  6.086929037565499e-07
  1.011975492352214e-06
  9.345049800751721e-07
  1.196660879238246e-06
  1.180904454342398e-06
  6.157146076065015e-07
  1.107924065426408e-06
  3.476278942915953e-07
  4.950333847463981e-07
  9.777873363640255e-07
  6.412834574587807e-07
  1.338770389509065e-06
  2.380825717035675e-06
  1.379185648447990e-06
  1.979002812294280e-06
  1.007363643968648e-06
  2.949569293388963e-06
  7.851314289474751e-07
  2.818195660278742e-06
  2.968052880677739e-06
  3.231384022495330e-06
  2.109795359634020e-06
  2.032435690422845e-06
  1.312326249818118e-06
  1.278407838399638e-06
  1.804106771502808e-06
  1.976811626427994e-06
  2.316341120179581e-06
  1.886777241651255e-06
  2.520554764967003e-06
  2.078279211394972e-06
  1.052277969471613e-06
  1.673580402849898e-06
  9.038431286532664e-07
  2.092711703421301e-06
  2.731942317525902e-06
  2.498770316097301e-06
  2.197881140657033e-06
  3.214836931368311e-06
  3.187519914114031e-06
  2.806107870109026e-06
  3.632042462397073e-06
  3.238584342856373e-06
  3.197647524233299e-06
  3.883019698199907e-06
  2.664780736411337e-06
  4.653692415068032e-06
  2.075555285702153e-06
  3.006606426291761e-06
  4.307177761570111e-06
  2.229222611639162e-06
  2.387124684482908e-06
  3.373400741921604e-06
  3.668824630981416e-06
  1.870357933099864e-06
  2.917392262700977e-06
  2.646022898284715e-06
  1.995743253229718e-06
  2.668434202351543e-06
  2.121991925364899e-06
  2.306632590220859e-06
  1.001108105704970e-06
  2.959977290902304e-06
  1.435583727445146e-06
  6.542360336834749e-07
  2.115525510761409e-06
  9.079831611528605e-07
  4.862845653517655e-07
  1.583657348606491e-06
  2.242323002344730e-06
  2.732263369811367e-06
  2.783680672058739e-06
  2.058919046225242e-06
  1.391102169225340e-06
  2.705929179336930e-06
  3.288064356063313e-06
  4.025080975353492e-06
  2.183770545690646e-06
  1.856113893355337e-06
